screen_run	plate	well	entrez_gene_name	entrez_gene_ID	REP1_cell_count_normalised_to_OTP	REP2_cell_count_normalised_to_OTP	average_cell_count_normalised_to_OTP_robust_z_scored	average_cell_count_normalised_to_OTP	average_cell_count
20170619	12001	P05	AKT2	208	0.75	0.75	-1.28	0.75	370.5
20170516	12023	E21	RPS6	6194	0.32	0.42	-3.84	0.37	252.5
20170724	12015	L06	TSC2	7249	0.68	0.71	-1.62	0.7	400.5
20170703	12017	D21	XPO1	7514	0.6	0.67	-2.02	0.64	341
20170619	12001	N19	ABL1	25	0.68	0.62	-1.96	0.65	320.5
20170619	12002	B17	ERBB3	2065	0.59	0.64	-2.16	0.62	323.5
20170619	12002	N15	FGFR4	2264	0.63	0.75	-1.69	0.69	360.5
20170724	12015	H09	CCNA2	890	0.37	0.46	-3.51	0.42	239
20170703	12016	O17	CCNB1	891	0.57	0.54	-2.63	0.55	316
20170619	12001	G03	CDK1	983	0.29	0.37	-4.11	0.33	161
20170717	12004	J22	CDC25B	994	0.67	0.74	-1.62	0.7	307.5
20170717	12004	F19	CDC25C	995	0.54	0.6	-2.5	0.57	248
20170724	12013	N13	CDC6	990	0.51	0.66	-2.43	0.58	349.5
20170619	12002	M12	CDKN2D	1032	0.61	0.75	-1.75	0.68	352
20170626	12009	C11	CENPE	1062	0.52	0.53	-2.83	0.52	175.5
20170724	12019	O07	MCM3	4172	0.65	0.7	-1.75	0.68	357.5
20170718	12007	N09	MYC	4609	0.68	0.73	-1.62	0.7	355.5
20170619	12001	E11	PLK1	5347	0.15	0.16	-5.26	0.16	75
20170619	12002	M18	MAP3K3	4215	0.47	0.49	-3.1	0.48	251.5
20170724	12015	G20	BCL2	596	0.73	0.72	-1.48	0.72	421
20170626	12008	G16	KIF11	3832	0.25	0.42	-4.05	0.34	121
20170724	12019	M11	SKP1	6500	0.52	0.55	-2.7	0.54	283
20170614	12057	G07	SKP2	6502	0.59	0.7	-2.02	0.64	330.5
20170718	12007	C17	TFDP1	7027	0.62	0.75	-1.75	0.68	343.5
20170704	12020	N11	NR0B1	190	0.63	0.7	-1.89	0.66	382
20170704	12021	I17	NR1H2	7376	0.39	0.35	-3.84	0.37	186.5
20170724	12014	G22	NR2E3	10002	0.7	0.75	-1.48	0.72	427.5
20170724	12014	G15	NR4A1	3164	0.65	0.69	-1.82	0.67	394
20170703	12016	C21	NR4A2	4929	0.71	0.59	-1.96	0.65	371.5
20170724	12015	L11	NR5A1	2516	0.65	0.75	-1.62	0.7	404
20170724	12014	C17	NR5A2	2494	0.44	0.58	-2.9	0.51	301
20170703	12016	G10	PPARA	5465	0.65	0.74	-1.62	0.7	394
20170626	12010	K13	RORA	6095	0.57	0.67	-2.16	0.62	226.5
20170704	12021	C21	RXRG	6258	0.7	0.62	-1.89	0.66	336
20170626	12010	N21	THRA	7067	0.69	0.72	-1.62	0.7	258.5
20170717	12004	P20	ALPP	250	0.68	0.72	-1.62	0.7	305
20170724	12013	O07	BCL2L1	598	0.43	0.59	-2.9	0.51	304.5
20170724	12015	H16	BIRC5	332	0.3	0.34	-4.18	0.32	183
20170619	12001	F03	CSNK1E	1454	0.67	0.58	-2.16	0.62	308
20170725	12041	B14	DICER1	23405	0.4	0.48	-3.37	0.44	231.5
20170703	12016	F03	NFKB1	4790	0.73	0.67	-1.62	0.7	398
20170724	12015	C19	RAD51	5888	0.5	0.57	-2.77	0.53	306.5
20170516	12024	M09	RBM8A	9939	0.56	0.61	-2.43	0.58	393.5
20170703	12017	E11	SLC3A2	6520	0.73	0.75	-1.35	0.74	400.5
20170626	12010	I03	PLCG1	5335	0.73	0.55	-2.02	0.64	236.5
20170619	12002	L09	MAP3K13	9175	0.72	0.69	-1.62	0.7	372
20170718	12003	I22	BAI2	576	0.73	0.66	-1.62	0.7	348.5
20170523	12030	F22	EFNB1	1947	0.69	0.64	-1.89	0.66	390
20170626	12011	N08	LCN2	3934	0.68	0.64	-1.89	0.66	263
20170725	12041	D15	PSCA	8000	0.46	0.46	-3.24	0.46	242.5
20170627	12012	D22	SLC29A1	2030	0.48	0.66	-2.5	0.57	208
20170614	12056	A03	ST14	6768	0.5	0.74	-2.16	0.62	315.5
20170530	12039	I16	WNT7B	7477	0.48	0.72	-2.29	0.6	336.5
20170627	12012	H17	NFE2L2	4780	0.36	0.46	-3.57	0.41	150
20170530	12039	K21	RPS19	6223	0.4	0.39	-3.64	0.4	220.5
20170614	12055	D19	CFLAR	8837	0.66	0.58	-2.16	0.62	309
20170724	12013	B21	PAX8	7849	0.44	0.54	-3.04	0.49	292
20170724	12013	O15	GATA3	2625	0.68	0.59	-2.02	0.64	384
20170619	12002	N03	SLK	9748	0.69	0.73	-1.55	0.71	373.5
20170724	12015	O20	ACADSB	36	0.71	0.68	-1.62	0.7	402.5
20170717	12006	B06	RHOA	387	0.61	0.65	-2.09	0.63	274
20170627	12012	F14	EIF3H	8667	0.69	0.66	-1.75	0.68	252.5
20170717	12006	F13	ELK1	2002	0.6	0.75	-1.75	0.68	293
20170626	12011	L21	GADD45A	1647	0.71	0.73	-1.48	0.72	286
20170530	12039	O21	CXCL1	2919	0.63	0.7	-1.89	0.66	372
20170619	12002	H08	PAK7	57144	0.74	0.74	-1.35	0.74	388
20170613	12050	F21	C16orf54	283897	0.58	0.54	-2.56	0.56	292.5
20170619	12001	H10	PINK1	65018	0.5	0.47	-3.1	0.48	241
20170619	12002	K13	CDK12	51755	0.65	0.68	-1.89	0.66	349.5
20170724	12019	E21	AKR1B1	231	0.62	0.67	-2.02	0.64	342.5
20170627	12012	A15	AGA	175	0.59	0.66	-2.16	0.62	231.5
20170718	12007	F17	HDAC10	83933	0.58	0.69	-2.02	0.64	321.5
20170614	12055	L13	ESPL1	9700	0.73	0.73	-1.42	0.73	360.5
20170619	12001	A03	TTK	7272	0.47	0.67	-2.5	0.57	280
20170627	12012	J21	ITGB5	3693	0.48	0.51	-2.97	0.5	183
20170704	12042	N18	TACC3	10460	0.65	0.66	-1.89	0.66	339
20170717	12005	F03	TRPV4	59341	0.56	0.74	-1.96	0.65	389
20170614	12056	E06	PSMA7	5688	0.63	0.7	-1.89	0.66	341
20170703	12016	G07	SRD5A2	6716	0.67	0.66	-1.89	0.66	379.5
20170619	12001	O13	MARK2	2011	0.75	0.69	-1.48	0.72	357
20170703	12016	H12	RRM1	6240	0.36	0.32	-4.05	0.34	196.5
20170627	12012	I11	LEPREL1	55214	0.54	0.68	-2.23	0.61	224
20170704	12020	O18	EGLN2	112398	0.69	0.62	-1.89	0.66	377.5
20170613	12051	O15	OGFOD2	79676	0.62	0.62	-2.16	0.62	324
20170626	12009	O12	ASPH	444	0.56	0.51	-2.7	0.54	179.5
20170614	12054	A15	CADM4	199731	0.49	0.47	-3.1	0.48	252.5
20170725	12041	K20	SPAG1	6674	0.13	0.11	-5.53	0.12	63.5
20170718	12033	O21	RPLP2	6181	0.32	0.39	-3.91	0.36	165
20170725	12053	E21	ARL6IP1	23204	0.72	0.6	-1.89	0.66	325
20170619	12002	I20	ADRBK1	156	0.69	0.75	-1.48	0.72	377
20170613	12052	L21	TICAM2	353376	0.65	0.65	-1.96	0.65	308
20170619	12001	N21	PAK6	56924	0.74	0.72	-1.42	0.73	360
20170613	12051	H15	OCEL1	79629	0.73	0.59	-1.89	0.66	344
20170718	12007	I06	NLRC4	58484	0.69	0.75	-1.48	0.72	362.5
20170710	12044	H05	CARD14	79092	0.61	0.65	-2.09	0.63	437.5
20170614	12056	E15	CASP5	838	0.73	0.7	-1.48	0.72	370
20170613	12051	K03	DIDO1	11083	0.64	0.55	-2.29	0.6	312.5
20170613	12050	J14	FAIM3	9214	0.7	0.75	-1.48	0.72	377
20170704	12021	J16	TRADD	8717	0.66	0.69	-1.75	0.68	343
20170724	12014	I21	MCL1	4170	0.62	0.64	-2.09	0.63	371
20170627	12012	G20	CBR1	873	0.48	0.53	-2.97	0.5	188
20170614	12056	K13	PSMB5	5693	0.46	0.52	-3.04	0.49	252
20170703	12017	M03	ENPP3	5169	0.7	0.62	-1.89	0.66	356
20170717	12005	E03	PPM1D	8493	0.6	0.53	-2.56	0.56	345
20170626	12010	O10	ITGAV	3685	0.24	0.33	-4.38	0.29	102.5
20170724	12015	N22	ATP1B3	483	0.54	0.61	-2.5	0.57	333
20170718	12003	H16	LPAR5	57121	0.72	0.52	-2.16	0.62	310.5
20170614	12055	I04	CYLD	1540	0.74	0.56	-1.96	0.65	325.5
20170619	12002	I18	GRK7	131890	0.62	0.72	-1.82	0.67	352
20170704	12020	L22	EIF2C1	26523	0.73	0.57	-1.96	0.65	376.5
20170703	12017	C07	LOXL1	4016	0.55	0.73	-2.02	0.64	345
20170718	12003	O19	PRKACG	5568	0.67	0.68	-1.75	0.68	339
20170619	12002	N19	RPS6KA5	9252	0.68	0.72	-1.62	0.7	366.5
20170529	12034	D12	IL13	3596	0.65	0.59	-2.16	0.62	372.5
20170704	12020	B16	LRP1	4035	0.71	0.75	-1.42	0.73	417.5
20170724	12019	G18	SORL1	6653	0.59	0.57	-2.43	0.58	309
20170717	12006	B14	POLR2F	5435	0.45	0.52	-3.1	0.48	211
20170703	12016	E04	TKT	7086	0.63	0.69	-1.89	0.66	374
20170724	12014	M13	TKTL1	8277	0.47	0.5	-3.1	0.48	283.5
20170626	12009	A15	POLR2E	5434	0.52	0.68	-2.29	0.6	201.5
20170703	12017	F07	HSPA9	3313	0.47	0.55	-2.9	0.51	274.5
20170619	12002	E15	CSNK2A2	1459	0.44	0.5	-3.17	0.47	246.5
20170704	12021	N14	COL1A2	1278	0.54	0.43	-3.1	0.48	246
20170619	12002	N16	SIK2	23235	0.74	0.61	-1.75	0.68	356
20170725	12041	E17	S100A4	6275	0.4	0.42	-3.57	0.41	217.5
20170614	12057	B20	MLL2	8085	0.65	0.58	-2.16	0.62	314
20170619	12002	O17	MOK	5891	0.59	0.55	-2.5	0.57	299
20170619	12001	E13	MINK1	50488	0.72	0.7	-1.55	0.71	349.5
20170619	12001	G10	NEK11	79858	0.68	0.64	-1.89	0.66	324.5
20170627	12012	A18	XAB2	56949	0.5	0.55	-2.83	0.52	194.5
20170724	12019	J07	KIF23	9493	0.29	0.37	-4.11	0.33	173.5
20170626	12011	N07	KIF20A	10112	0.62	0.6	-2.23	0.61	242.5
20170724	12015	I21	KIF3A	11127	0.71	0.67	-1.69	0.69	398.5
20170619	12002	I12	GAK	2580	0.59	0.72	-1.89	0.66	341
20170619	12002	P08	MAPKAPK5	8550	0.75	0.75	-1.28	0.75	394
20170619	12001	I17	PRKD3	23683	0.74	0.53	-2.02	0.64	312.5
20170619	12001	O04	TRIO	7204	0.68	0.75	-1.48	0.72	354
20170619	12002	M08	WEE1	7465	0.44	0.35	-3.64	0.4	208.5
20170627	12012	G03	ACOX1	51	0.58	0.74	-1.89	0.66	242.5
20170724	12013	L16	RABGGTA	5875	0.75	0.5	-2.16	0.62	383.5
20170626	12009	L22	BST1	683	0.63	0.56	-2.29	0.6	200.5
20170724	12019	M12	ATF4	468	0.6	0.72	-1.89	0.66	346
20170614	12056	O18	PAPPA	5069	0.63	0.62	-2.16	0.62	324
20170626	12010	B15	OGG1	4968	0.64	0.48	-2.56	0.56	205.5
20170530	12038	I19	SAFB	6294	0.63	0.75	-1.69	0.69	389.5
20170717	12006	L16	IL1R1	3554	0.61	0.71	-1.89	0.66	286
20170626	12010	O21	TFAP2C	7022	0.47	0.53	-2.97	0.5	182.5
20170530	12039	M15	HSPB1	3315	0.56	0.71	-2.02	0.64	356
20170710	12044	C10	NUMA1	4926	0.48	0.65	-2.56	0.56	390
20170626	12008	O08	OPA1	4976	0.59	0.74	-1.89	0.66	243
20170626	12010	B17	YEATS4	8089	0.64	0.59	-2.16	0.62	225
20170724	12013	I11	TOP3B	8940	0.68	0.75	-1.48	0.72	428.5
20170522	12027	C21	PARVA	55742	0.72	0.72	-1.48	0.72	456
20170725	12041	N11	CLSPN	63967	0.54	0.55	-2.63	0.55	289
20170619	12001	D12	AAK1	22848	0.63	0.71	-1.82	0.67	330.5
20170619	12002	H12	EPHA6	285220	0.64	0.56	-2.29	0.6	315
20170619	12001	K14	GUCY2D	3000	0.37	0.41	-3.71	0.39	193.5
20170619	12002	P14	MARK4	57787	0.65	0.71	-1.75	0.68	355
20170718	12003	C14	CELSR3	1951	0.65	0.64	-2.02	0.64	322.5
20170718	12003	P22	CHRM5	1133	0.58	0.64	-2.23	0.61	305.5
20170717	12006	M13	CHRM5	1133	0.58	0.58	-2.43	0.58	252.5
20170718	12003	E20	GHSR	2693	0.68	0.66	-1.82	0.67	335.5
20170717	12004	O15	GPR32	2854	0.49	0.53	-2.9	0.51	222.5
20170717	12004	A19	GPRC5B	51704	0.73	0.69	-1.55	0.71	309.5
20170718	12003	B03	HRH2	3274	0.53	0.6	-2.56	0.56	284.5
20170717	12004	K03	LTB4R	1241	0.56	0.48	-2.83	0.52	227
20170717	12004	G20	OPN1SW	611	0.67	0.67	-1.82	0.67	292.5
20170717	12004	M04	PTGIR	5739	0.55	0.62	-2.43	0.58	252
20170724	12019	I09	STAMBPL1	57559	0.59	0.59	-2.36	0.59	313
20170614	12055	A19	CAPN2	824	0.56	0.74	-1.96	0.65	321
20170614	12055	J15	CELA1	1990	0.64	0.73	-1.75	0.68	338
20170614	12056	M07	FOLH1	2346	0.72	0.73	-1.48	0.72	374
20170614	12056	O21	GGT1	2678	0.59	0.74	-1.89	0.66	342.5
20170614	12055	I03	GZMB	3002	0.75	0.71	-1.42	0.73	363
20170614	12055	G21	XPNPEP3	63929	0.73	0.69	-1.55	0.71	354.5
20170724	12013	J13	FAM108A1	81926	0.52	0.55	-2.7	0.54	321
20170614	12056	A14	NRD1	4898	0.5	0.64	-2.5	0.57	292
20170614	12056	E16	PSMB6	5694	0.52	0.36	-3.37	0.44	229
20170614	12055	N06	PSMB7	5695	0.54	0.53	-2.7	0.54	266.5
20170627	12012	I15	PSMD14	10213	0.38	0.61	-2.97	0.5	180.5
20170614	12056	G15	RNPEPL1	57140	0.73	0.75	-1.35	0.74	382.5
20170614	12055	C03	PRSS23	11098	0.56	0.64	-2.29	0.6	297
20170614	12055	J07	TLL1	7092	0.74	0.72	-1.42	0.73	362.5
20170614	12055	F17	TLL2	7093	0.56	0.75	-1.89	0.66	321
20170614	12056	C17	USP2	9099	0.64	0.69	-1.89	0.66	344
20170724	12013	G16	ATP2A3	489	0.63	0.52	-2.5	0.57	349
20170717	12006	F03	CACNA1S	779	0.63	0.69	-1.89	0.66	287.5
20170717	12006	K17	CLCN7	1186	0.53	0.59	-2.56	0.56	243
20170717	12006	E10	GABRB1	2560	0.75	0.69	-1.48	0.72	313
20170717	12006	C03	GABRG3	2567	0.38	0.45	-3.51	0.42	178.5
20170717	12006	E13	GABRQ	55879	0.62	0.74	-1.75	0.68	295.5
20170717	12006	G22	HCN2	610	0.67	0.72	-1.62	0.7	302.5
20170717	12005	N19	P2RX2	22953	0.72	0.66	-1.69	0.69	418
20170717	12006	A03	PKD2L1	9033	0.46	0.56	-2.9	0.51	222.5
20170717	12006	E03	SCN1A	6323	0.6	0.64	-2.16	0.62	269.5
20170724	12014	I06	KAT5	10524	0.59	0.57	-2.43	0.58	343
20170710	12044	L13	DMAP1	55929	0.64	0.64	-2.02	0.64	446.5
20170626	12008	G17	PIAS4	51588	0.4	0.53	-3.24	0.46	170
20170530	12040	B15	SFPQ	6421	0.57	0.65	-2.23	0.61	327.5
20170725	12041	L17	CALU	813	0.56	0.53	-2.63	0.55	287
20170710	12046	C21	DYNLL2	140735	0.72	0.63	-1.75	0.68	441
20170717	12006	O15	SCNN1B	6338	0.7	0.71	-1.62	0.7	308
20170717	12006	O21	TRPM4	54795	0.57	0.75	-1.89	0.66	284
20170704	12020	L13	EGR2	1959	0.6	0.67	-2.02	0.64	363
20170627	12012	N08	PLAGL1	5325	0.64	0.67	-1.89	0.66	242.5
20170710	12044	C12	ZNF223	7766	0.71	0.7	-1.62	0.7	491.5
20170724	12015	J16	KLF11	8462	0.62	0.51	-2.56	0.56	327
20170626	12011	N22	SPTLC2	9517	0.58	0.65	-2.16	0.62	245.5
20170619	12001	G11	FN3K	64122	0.29	0.4	-4.05	0.34	168.5
20170718	12003	I15	GALK2	2585	0.69	0.7	-1.62	0.7	347
20170516	12022	D20	ITGB1BP3	27231	0.56	0.73	-2.02	0.64	452.5
20170619	12001	A11	COASY	80347	0.75	0.72	-1.35	0.74	364
20170718	12003	O17	PANK4	55229	0.73	0.69	-1.55	0.71	356
20170619	12002	J06	PIK3C2A	5286	0.61	0.6	-2.29	0.6	316.5
20170619	12002	F15	PMVK	10654	0.57	0.54	-2.63	0.55	294
20170619	12001	H09	PNKP	11284	0.67	0.61	-2.02	0.64	317.5
20170619	12002	I13	PRPS1	5631	0.67	0.72	-1.62	0.7	364.5
20170619	12002	J20	TPK1	27010	0.64	0.66	-1.96	0.65	340
20170619	12002	N11	PCK1	5105	0.72	0.75	-1.35	0.74	386
20170724	12013	G20	ADCY9	115	0.66	0.73	-1.62	0.7	417.5
20170516	12022	C15	AK8	158067	0.75	0.74	-1.35	0.74	527.5
20170522	12027	P15	INCENP	3619	0.32	0.33	-4.18	0.32	204.5
20170724	12014	A18	DYNC1H1	1778	0.63	0.74	-1.75	0.68	403
20170530	12038	E22	SPAG5	10615	0.72	0.75	-1.35	0.74	417.5
20170718	12033	J03	CKAP5	9793	0.23	0.25	-4.72	0.24	112
20170724	12015	I16	KIF18A	81930	0.63	0.72	-1.75	0.68	388
20170627	12012	B14	DDX3X	1654	0.6	0.69	-2.02	0.64	237.5
20170724	12013	G21	SREBF1	6720	0.65	0.73	-1.69	0.69	413.5
20170619	12058	C10	CGRRF1	10668	0.7	0.61	-1.89	0.66	332
20170614	12057	H03	ZMYND11	10771	0.75	0.75	-1.28	0.75	384.5
20170614	12057	N10	RNF44	22838	0.7	0.73	-1.48	0.72	366
20170614	12057	F22	2-Mar	51257	0.71	0.7	-1.62	0.7	361.5
20170614	12057	P22	MEX3C	51320	0.66	0.68	-1.82	0.67	341
20170710	12046	F11	SETD4	54093	0.61	0.66	-2.02	0.64	411
20170710	12044	G21	ING3	54556	0.73	0.69	-1.55	0.71	493.5
20170717	12006	F18	QTRT1	81890	0.71	0.61	-1.89	0.66	288.5
20170724	12014	D12	KLF16	83855	0.49	0.48	-3.1	0.48	285.5
20170614	12057	L11	TRIM63	84676	0.61	0.71	-1.89	0.66	336
20170614	12057	P14	LRSAM1	90678	0.59	0.55	-2.5	0.57	294
20170614	12057	J18	RNF166	115992	0.59	0.75	-1.82	0.67	342
20170613	12051	L03	ZNF786	136051	0.73	0.73	-1.42	0.73	381.5
20170619	12058	E10	10-Mar	162333	0.63	0.55	-2.36	0.59	299.5
20170614	12057	N07	TRIM42	287015	0.67	0.74	-1.62	0.7	358
20170614	12056	H13	NEDD4	4734	0.68	0.7	-1.69	0.69	356
20170614	12056	N13	HECTD2	143279	0.69	0.72	-1.62	0.7	365
20170717	12005	M17	SACM1L	22908	0.68	0.73	-1.62	0.7	427
20170724	12013	H10	ABCB8	11194	0.65	0.72	-1.75	0.68	410
20170724	12014	P06	ABCC10	89845	0.71	0.74	-1.48	0.72	425.5
20170627	12012	I05	ABCC4	10257	0.67	0.68	-1.75	0.68	251
20170626	12010	G03	SLC25A44	9673	0.71	0.75	-1.42	0.73	266
20170530	12038	O15	SLC25A26	115286	0.6	0.67	-2.02	0.64	360.5
20170724	12013	M21	SLC10A1	6554	0.61	0.65	-2.09	0.63	378
20170627	12012	M07	SLC13A2	9058	0.63	0.65	-2.02	0.64	237.5
20170626	12011	K03	SLC13A4	26266	0.53	0.57	-2.63	0.55	220
20170626	12008	F16	SLC16A10	117247	0.36	0.57	-3.24	0.46	167.5
20170703	12016	B11	SLC18A1	6570	0.73	0.74	-1.35	0.74	419.5
20170724	12015	D15	SLC1A3	6507	0.7	0.45	-2.5	0.57	339
20170724	12013	A19	SLC1A5	6510	0.53	0.68	-2.29	0.6	363.5
20170627	12012	P06	SLC1A7	6512	0.4	0.67	-2.7	0.54	193
20170627	12012	P07	SLCO2B1	11309	0.62	0.71	-1.89	0.66	246
20170724	12015	H11	SLC22A3	6581	0.67	0.69	-1.75	0.68	392
20170703	12016	M18	SLC22A8	9376	0.7	0.53	-2.16	0.62	351
20170724	12014	L20	SLC25A11	8402	0.57	0.68	-2.16	0.62	367
20170627	12012	C07	SLC25A5	292	0.74	0.64	-1.69	0.69	260
20170703	12016	L16	SLC26A10	65012	0.69	0.58	-2.02	0.64	364.5
20170530	12038	F20	SLC29A4	222962	0.59	0.69	-2.02	0.64	363.5
20170717	12006	H20	SLC30A2	7780	0.74	0.65	-1.62	0.7	304.5
20170724	12014	I20	SLC30A3	7781	0.59	0.61	-2.29	0.6	354
20170724	12013	N15	SLC36A3	285641	0.58	0.58	-2.43	0.58	353
20170724	12015	C03	SLC37A1	54020	0.67	0.53	-2.29	0.6	348
20170724	12015	L13	SLC38A3	10991	0.61	0.45	-2.77	0.53	308
20170725	12041	N15	SLC39A11	201266	0.57	0.55	-2.56	0.56	295.5
20170704	12020	O17	SLC43A1	8501	0.69	0.74	-1.48	0.72	410
20170724	12013	B10	SLC4A7	9497	0.52	0.74	-2.09	0.63	373.5
20170627	12012	P22	SLC6A11	6538	0.48	0.64	-2.56	0.56	205
20170724	12019	L10	SLC6A2	6530	0.41	0.43	-3.51	0.42	220.5
20170724	12014	K13	SLC6A7	6534	0.65	0.66	-1.89	0.66	385
20170724	12015	E03	SLC6A9	6536	0.61	0.63	-2.16	0.62	357.5
20170724	12014	M20	SLC7A6	9057	0.67	0.67	-1.82	0.67	396
20170717	12006	O03	SLC9A3	6550	0.59	0.73	-1.89	0.66	286.5
20170724	12013	L19	PDE2A	5138	0.75	0.68	-1.48	0.72	434
20170704	12020	A13	PDE3A	5139	0.58	0.74	-1.89	0.66	375
20170626	12008	D03	PDE4B	5142	0.74	0.7	-1.48	0.72	267
20170724	12014	M18	PDE6H	5149	0.53	0.57	-2.63	0.55	323.5
20170626	12011	M21	MYH9	4627	0.74	0.6	-1.82	0.67	265
20170530	12040	B08	SPA17	53340	0.74	0.7	-1.48	0.72	390
20170725	12041	G08	MFAP3L	9848	0.66	0.66	-1.89	0.66	350.5
20170626	12009	G03	MFHAS1	9258	0.43	0.71	-2.5	0.57	191.5
20170627	12012	L21	PRMT6	55170	0.47	0.62	-2.7	0.54	198.5
20170703	12017	L03	SIRT7	51547	0.46	0.72	-2.36	0.59	314
20170725	12053	L19	PAQR8	85315	0.59	0.6	-2.29	0.6	294
20170530	12039	I07	CCL17	6361	0.51	0.49	-2.97	0.5	281
20170725	12041	H07	CCL2	6347	0.4	0.47	-3.37	0.44	229.5
20170627	12012	M04	CD6	923	0.45	0.59	-2.83	0.52	191
20170718	12007	K06	EPOR	2057	0.67	0.66	-1.89	0.66	338
20170626	12009	M03	F5	2153	0.74	0.73	-1.35	0.74	246
20170627	12012	P15	IL15RA	3601	0.47	0.45	-3.24	0.46	170.5
20170725	12041	P03	IL17D	53342	0.73	0.7	-1.48	0.72	379.5
20170613	12050	O13	IL25	64806	0.75	0.64	-1.62	0.7	365
20170703	12016	J11	IL18R1	8809	0.62	0.59	-2.29	0.6	347
20170530	12040	N16	IL1F10	84639	0.69	0.68	-1.75	0.68	370.5
20170724	12014	N17	IL36B	27177	0.5	0.58	-2.7	0.54	317
20170530	12039	L18	IL20	50604	0.66	0.69	-1.75	0.68	378
20170724	12015	G22	IL22RA1	58985	0.64	0.74	-1.69	0.69	398.5
20170626	12011	G12	IL28RA	163702	0.68	0.65	-1.89	0.66	264.5
20170704	12021	O11	IL2RB	3560	0.75	0.75	-1.28	0.75	381.5
20170724	12015	M18	IL6R	3570	0.69	0.75	-1.48	0.72	415.5
20170626	12010	D20	LTBR	4055	0.63	0.45	-2.7	0.54	199
20170717	12004	F15	MTM1	4534	0.57	0.67	-2.16	0.62	269.5
20170516	12024	F18	TMED3	23423	0.73	0.67	-1.62	0.7	472
20170717	12006	N04	RTN4R	65078	0.7	0.72	-1.55	0.71	308.5
20170703	12016	I16	TNFRSF13B	23495	0.42	0.57	-2.97	0.5	281.5
20170724	12014	K07	IL4I1	259307	0.73	0.72	-1.48	0.72	425.5
20170626	12011	M07	PGAP1	80055	0.69	0.62	-1.89	0.66	260
20170626	12011	B03	ADH1B	125	0.7	0.67	-1.75	0.68	272
20170626	12008	P05	ADH7	131	0.55	0.58	-2.56	0.56	208.5
20170724	12019	H05	CYP3A4	1576	0.66	0.72	-1.69	0.69	362.5
20170724	12015	J19	G6PD	2539	0.51	0.51	-2.9	0.51	297
20170724	12014	G16	RAB33A	9363	0.69	0.66	-1.75	0.68	400
20170703	12016	O03	FADS1	3992	0.73	0.62	-1.75	0.68	387
20170724	12014	L10	SDS	10993	0.57	0.6	-2.43	0.58	344
20170530	12039	B17	WNT10A	80326	0.73	0.74	-1.35	0.74	412.5
20170724	12013	E13	TXNRD1	7296	0.74	0.73	-1.35	0.74	444.5
20170522	12026	I21	BIN1	274	0.29	0.31	-4.32	0.3	183
20170704	12020	F11	KIF12	113220	0.46	0.59	-2.83	0.52	298.5
20170725	12041	I17	FOXP4	116113	0.48	0.56	-2.83	0.52	275
20170724	12014	C19	TUBB2A	7280	0.68	0.7	-1.69	0.69	406
20170710	12044	N06	TUBB4B	10383	0.69	0.63	-1.89	0.66	459.5
20170613	12051	N06	ARHGAP29	9411	0.62	0.66	-2.02	0.64	332.5
20170703	12016	K22	RBP4	5950	0.58	0.66	-2.16	0.62	354.5
20170703	12016	C14	SUOX	6821	0.73	0.7	-1.48	0.72	408.5
20170724	12015	H22	SORD	6652	0.48	0.49	-3.1	0.48	281.5
20170703	12016	I18	PLCG2	5336	0.62	0.57	-2.29	0.6	338
20170703	12016	P17	GALNS	2588	0.68	0.64	-1.89	0.66	376
20170724	12019	H06	ARSG	22901	0.62	0.73	-1.75	0.68	356.5
20170627	12012	I12	NFIC	4782	0.67	0.64	-1.89	0.66	244.5
20170703	12016	G18	PGD	5226	0.56	0.5	-2.77	0.53	302.5
20170718	12007	O09	CYP4B1	1580	0.67	0.72	-1.62	0.7	350.5
20170516	12022	B18	NVL	4931	0.66	0.75	-1.62	0.7	499.5
20170703	12017	P19	RABL2B	11158	0.62	0.64	-2.09	0.63	341.5
20170703	12017	M06	LIPT1	51601	0.68	0.64	-1.89	0.66	355.5
20170626	12008	O06	HES6	55502	0.6	0.64	-2.16	0.62	227.5
20170627	12012	P13	ANK2	287	0.62	0.64	-2.09	0.63	233
20170724	12013	P22	PAM	5066	0.68	0.74	-1.55	0.71	430
20170717	12006	L14	GNA12	2768	0.72	0.73	-1.48	0.72	316
20170704	12020	G18	CHST7	56548	0.64	0.58	-2.23	0.61	350.5
20170725	12053	H16	ZNF711	7552	0.74	0.6	-1.82	0.67	330.5
20170724	12013	J22	DPYS	1807	0.48	0.48	-3.1	0.48	292
20170626	12011	E20	ARHGEF12	23365	0.7	0.71	-1.62	0.7	280
20170724	12013	O10	MTA2	9219	0.7	0.65	-1.75	0.68	407.5
20170724	12013	F22	PLCB3	5331	0.6	0.66	-2.09	0.63	377.5
20170724	12015	L16	CHST9	83539	0.54	0.65	-2.29	0.6	341.5
20170724	12019	C17	CA10	56934	0.67	0.67	-1.82	0.67	354.5
20170717	12004	H17	ACPL2	92370	0.51	0.65	-2.43	0.58	250.5
20170724	12019	K08	N6AMT1	29104	0.68	0.63	-1.89	0.66	349
20170718	12007	J18	PLA2G2F	64600	0.72	0.72	-1.48	0.72	364.5
20170717	12006	D12	GART	2618	0.7	0.68	-1.69	0.69	302
20170626	12011	H03	PLA2G4D	283748	0.52	0.55	-2.7	0.54	213.5
20170724	12013	D19	LCN1	3933	0.53	0.69	-2.23	0.61	363.5
20170724	12015	J03	ABCF3	55324	0.68	0.63	-1.89	0.66	379
20170718	12037	M20	RACGAP1	29127	0.55	0.62	-2.43	0.58	299.5
20170704	12020	N15	RBP7	116362	0.61	0.71	-1.89	0.66	377
20170703	12017	N13	PLB1	151056	0.75	0.74	-1.35	0.74	403
20170626	12011	K06	NDST3	9348	0.62	0.59	-2.29	0.6	241.5
20170703	12018	O16	ABCE1	6059	0.66	0.72	-1.69	0.69	352
20170724	12013	L04	METTL2B	55798	0.62	0.74	-1.75	0.68	405.5
20170724	12013	O17	VCP	7415	0.48	0.46	-3.17	0.47	284
20170703	12016	M22	PSMC3	5702	0.71	0.61	-1.89	0.66	376.5
20170724	12015	N20	MS4A8B	83661	0.7	0.69	-1.62	0.7	400.5
20170626	12008	N15	CA4	762	0.52	0.68	-2.29	0.6	218.5
20170704	12021	H03	KIFC2	90990	0.7	0.74	-1.48	0.72	366
20170725	12041	C07	RILP	83547	0.56	0.57	-2.56	0.56	299
20170724	12013	D16	SOAT2	8435	0.48	0.53	-2.97	0.5	303
20170626	12011	D12	MAT2A	4144	0.52	0.36	-3.37	0.44	174.5
20170703	12016	I14	CHST14	113189	0.66	0.65	-1.89	0.66	373
20170717	12006	E16	KCNAB1	7881	0.71	0.68	-1.62	0.7	302.5
20170725	12053	E16	OTUD7A	161725	0.21	0.36	-4.45	0.28	140
20170626	12011	K17	RASA4	10156	0.65	0.74	-1.62	0.7	277.5
20170627	12012	I19	NUDT6	11162	0.58	0.69	-2.02	0.64	234.5
20170704	12020	C22	DSEL	92126	0.63	0.62	-2.16	0.62	361
20170627	12012	I16	LDHAL6B	92483	0.61	0.67	-2.02	0.64	237
20170626	12008	N03	CDY1	9085	0.44	0.64	-2.7	0.54	196.5
20170704	12021	O08	RPL4	6124	0.4	0.39	-3.64	0.4	202
20170626	12011	P19	RAB1B	81876	0.54	0.6	-2.5	0.57	226.5
20170626	12010	P20	CA5A	763	0.73	0.7	-1.48	0.72	261.5
20170724	12019	N07	AGXT2L2	85007	0.73	0.72	-1.48	0.72	382.5
20170703	12017	H22	RUVBL1	8607	0.66	0.62	-2.02	0.64	348.5
20170614	12056	L03	UBE2O	63893	0.75	0.65	-1.62	0.7	364.5
20170724	12014	A07	TUBB6	84617	0.53	0.68	-2.29	0.6	354.5
20170627	12012	B18	ACOT4	122970	0.6	0.6	-2.29	0.6	223.5
20170614	12055	C19	PRSS42	339906	0.65	0.72	-1.75	0.68	340.5
20170704	12021	G21	ALOX15B	247	0.72	0.63	-1.75	0.68	344
20170710	12045	C06	ARL14	80117	0.43	0.38	-3.64	0.4	245
20170626	12010	F22	EIF3C	8663	0.28	0.37	-4.18	0.32	117
20170717	12006	G19	CACNB4	785	0.54	0.64	-2.36	0.59	255.5
20170703	12016	L15	GSTA5	221357	0.74	0.72	-1.42	0.73	414
20170626	12009	J22	RDH14	57665	0.69	0.67	-1.75	0.68	228
20170724	12014	D03	PNLIPRP1	5407	0.55	0.71	-2.09	0.63	368.5
20170717	12006	E06	ABP1	26	0.63	0.58	-2.29	0.6	264.5
20170626	12008	L14	CYP26B1	56603	0.67	0.48	-2.5	0.57	217
20170724	12014	G18	CROT	54677	0.62	0.68	-1.96	0.65	381.5
20170703	12016	C17	ALDH3B1	221	0.68	0.71	-1.62	0.7	395.5
20170717	12048	O20	WDR46	9277	0.7	0.68	-1.69	0.69	383.5
20170614	12055	O03	ADAM22	53616	0.7	0.73	-1.48	0.72	353.5
20170724	12015	N19	IDS	3423	0.66	0.51	-2.43	0.58	342
20170724	12014	E06	PSMC4	5704	0.42	0.57	-2.97	0.5	289.5
20170718	12007	L17	AKAP11	11215	0.68	0.14	-3.57	0.41	212
20170724	12013	G13	HSD17B6	8630	0.58	0.55	-2.56	0.56	343.5
20170724	12013	G17	PARP3	10039	0.62	0.66	-2.02	0.64	386.5
20170627	12012	C06	GNA15	2769	0.57	0.64	-2.29	0.6	223.5
20170724	12014	M03	ADAT1	23536	0.61	0.69	-1.96	0.65	383.5
20170724	12014	D08	WBSCR22	114049	0.68	0.73	-1.62	0.7	414.5
20170718	12033	G03	WNT8B	7479	0.63	0.74	-1.75	0.68	318.5
20170627	12012	K11	RASAL2	9462	0.64	0.74	-1.69	0.69	254
20170724	12013	E10	FDFT1	2222	0.47	0.61	-2.7	0.54	322
20170724	12019	P16	ME2	4200	0.6	0.69	-2.02	0.64	339
20170725	12041	O19	FCN1	2219	0.62	0.68	-1.96	0.65	342.5
20170718	12007	D15	PSMC5	5705	0.59	0.67	-2.09	0.63	319.5
20170626	12008	E12	SULT2B1	6820	0.69	0.69	-1.69	0.69	254.5
20170724	12013	D15	FKBP1A	2280	0.35	0.37	-3.91	0.36	217.5
20170530	12038	O19	RGS1	5996	0.64	0.65	-2.02	0.64	365
20170724	12013	C18	CEBPE	1053	0.45	0.54	-2.97	0.5	295.5
20170724	12015	O04	COMT	1312	0.38	0.47	-3.51	0.42	243.5
20170724	12015	D19	AS3MT	57412	0.57	0.72	-2.02	0.64	369
20170704	12020	M16	HSD3B7	80270	0.64	0.66	-1.96	0.65	370.5
20170724	12015	M11	PRODH	5625	0.59	0.57	-2.43	0.58	336
20170724	12014	N08	GCAT	23464	0.56	0.64	-2.29	0.6	353.5
20170724	12013	N17	PISD	23761	0.5	0.41	-3.31	0.45	276
20170724	12013	M16	SREBF2	6721	0.68	0.65	-1.89	0.66	404
20170627	12012	O03	ARSA	410	0.57	0.58	-2.5	0.57	213
20170627	12012	O12	FKBP3	2287	0.52	0.73	-2.16	0.62	228
20170614	12056	O14	SERPINA3	12	0.63	0.66	-2.02	0.64	332.5
20170703	12016	K12	MTHFD1	4522	0.66	0.7	-1.75	0.68	388
20170704	12021	C03	PSMC1	5700	0.44	0.39	-3.51	0.42	210.5
20170627	12012	N09	DHRS2	10202	0.52	0.72	-2.16	0.62	226.5
20170704	12021	O14	TCFL5	10732	0.7	0.43	-2.56	0.56	288
20170703	12016	F18	CDS2	8760	0.69	0.65	-1.82	0.67	380.5
20170626	12010	O03	ACOT8	10005	0.68	0.56	-2.16	0.62	228
20170724	12013	D03	ATP1B4	23439	0.72	0.66	-1.69	0.69	418
20170724	12014	C04	GATA1	2623	0.54	0.57	-2.63	0.55	328.5
20170724	12013	E19	FGD1	2245	0.58	0.63	-2.29	0.6	363.5
20170626	12009	A16	NFAT5	10725	0.51	0.7	-2.29	0.6	203
20170724	12015	G11	MTFMT	123263	0.65	0.68	-1.89	0.66	382
20170613	12051	N03	ZFAND1	79752	0.62	0.74	-1.75	0.68	354.5
20170704	12020	F10	GSR	2936	0.63	0.71	-1.82	0.67	384
20170703	12016	I15	ISYNA1	51477	0.74	0.66	-1.62	0.7	398
20170724	12015	O06	HIBADH	11112	0.74	0.75	-1.35	0.74	432
20170522	12028	A18	CBX1	10951	0.7	0.72	-1.55	0.71	459.5
20170627	12012	N10	HNF1B	6928	0.46	0.65	-2.56	0.56	203
20170725	12041	A09	CRYAB	1410	0.6	0.75	-1.75	0.68	355
20170703	12017	P16	MYF5	4617	0.72	0.53	-2.16	0.62	339.5
20170703	12016	M15	RAB35	11021	0.63	0.7	-1.89	0.66	379.5
20170626	12009	P18	GMDS	2762	0.59	0.68	-2.02	0.64	213.5
20170627	12012	J07	NNT	23530	0.53	0.65	-2.36	0.59	216.5
20170724	12019	D03	HMGCR	3156	0.65	0.72	-1.75	0.68	362.5
20170626	12010	I20	HGD	3081	0.63	0.68	-1.89	0.66	238.5
20170724	12013	D12	PCCB	5096	0.65	0.72	-1.75	0.68	413.5
20170626	12011	C17	APC2	10297	0.73	0.75	-1.35	0.74	294.5
20170725	12041	F11	INO80B	83444	0.57	0.58	-2.5	0.57	302
20170626	12011	I12	ACADL	33	0.55	0.58	-2.56	0.56	224.5
20170619	12001	I03	PRKAG3	53632	0.7	0.62	-1.89	0.66	324
20170724	12013	D17	RALGPS2	55103	0.57	0.6	-2.43	0.58	355
20170724	12015	O19	PLA2G4A	5321	0.72	0.72	-1.48	0.72	416.5
20170724	12013	K09	HAO2	51179	0.75	0.68	-1.48	0.72	434
20170704	12021	L07	TCF21	6943	0.61	0.72	-1.89	0.66	339
20170523	12031	O03	TENC1	23371	0.58	0.75	-1.89	0.66	365.5
20170724	12019	G13	CSTA	1475	0.38	0.41	-3.64	0.4	210.5
20170724	12019	M03	HS3ST2	9956	0.75	0.75	-1.28	0.75	396.5
20170626	12009	O11	ACOT9	23597	0.61	0.65	-2.09	0.63	210.5
20170724	12015	D21	MXD4	10608	0.52	0.65	-2.43	0.58	337.5
20170626	12009	J14	HIF3A	64344	0.68	0.73	-1.62	0.7	235.5
20170724	12019	J06	FNTB	2342	0.56	0.68	-2.16	0.62	324
20170516	12023	A11	MCF2L	23263	0.68	0.7	-1.69	0.69	470.5
20170718	12007	B03	TUBB7P	56604	0.69	0.65	-1.82	0.67	338.5
20170626	12011	P15	POR	5447	0.65	0.66	-1.89	0.66	260
20170627	12012	C04	MPST	4357	0.59	0.75	-1.82	0.67	245.5
20170614	12055	L04	PSMA1	5682	0.58	0.47	-2.83	0.52	261
20170724	12015	D18	AIPL1	23746	0.52	0.61	-2.56	0.56	325.5
20170522	12027	P14	RPL36	25873	0.45	0.36	-3.64	0.4	257.5
20170724	12015	B07	RTN4IP1	84816	0.73	0.73	-1.42	0.73	421.5
20170724	12014	H19	HMGCS2	3158	0.73	0.73	-1.42	0.73	432
20170724	12014	G17	MICAL2	9645	0.65	0.54	-2.29	0.6	353
20170627	12012	B07	NOX4	50507	0.63	0.7	-1.89	0.66	244.5
20170626	12009	P12	CENPJ	55835	0.61	0.62	-2.16	0.62	207
20170710	12044	K05	BRE	9577	0.7	0.75	-1.48	0.72	502.5
20170724	12015	F17	DHCR24	1718	0.53	0.5	-2.83	0.52	297
20170725	12053	O15	HRASLS5	117245	0.59	0.47	-2.77	0.53	261
20170614	12054	P17	MBOAT1	154141	0.75	0.73	-1.35	0.74	388.5
20170704	12020	A14	FOXA1	3169	0.43	0.71	-2.5	0.57	321.5
20170704	12020	M10	NCOA4	8031	0.46	0.69	-2.5	0.57	323.5
20170724	12013	F16	GALT	2592	0.51	0.52	-2.83	0.52	310
20170627	12012	P11	PAFAH1B1	5048	0.49	0.65	-2.5	0.57	208.5
20170724	12014	J21	PRDX1	5052	0.67	0.72	-1.62	0.7	410
20170724	12014	H22	CDY2A	9426	0.73	0.73	-1.42	0.73	428.5
20170626	12008	N10	NNMT	4837	0.6	0.73	-1.89	0.66	243.5
20170626	12011	G08	RAN	5901	0.43	0.37	-3.64	0.4	158
20170725	12041	M11	ARHGEF11	9826	0.59	0.66	-2.16	0.62	330
20170718	12007	J08	JMJD6	23210	0.67	0.62	-2.02	0.64	325.5
20170724	12015	A11	RHOJ	57381	0.61	0.73	-1.82	0.67	382.5
20170718	12037	N15	FGD3	89846	0.67	0.73	-1.62	0.7	359
20170704	12021	A06	ALDOA	226	0.17	0.31	-4.72	0.24	121.5
20170718	12007	B09	RRM2	6241	0.37	0.47	-3.51	0.42	211
20170724	12014	A22	AANAT	15	0.38	0.43	-3.64	0.4	238.5
20170614	12056	D17	UBE2L3	7332	0.67	0.65	-1.89	0.66	340.5
20170718	12007	N11	ART1	417	0.68	0.73	-1.62	0.7	354.5
20170724	12019	G17	PPIL4	85313	0.72	0.7	-1.55	0.71	377
20170704	12020	C18	FOLR1	2348	0.74	0.69	-1.48	0.72	412
20170627	12012	A03	GNAZ	2781	0.69	0.75	-1.48	0.72	266
20170626	12011	D14	MYBL2	4605	0.65	0.63	-2.02	0.64	255.5
20170614	12055	E09	PSMB2	5690	0.6	0.57	-2.43	0.58	290
20170522	12027	K03	RPS5	6193	0.33	0.3	-4.18	0.32	199.5
20170703	12016	L13	HYAL1	3373	0.75	0.72	-1.35	0.74	418
20170718	12007	B22	EIF3E	3646	0.49	0.56	-2.83	0.52	264
20170724	12013	N22	MYBL1	4603	0.53	0.61	-2.5	0.57	344
20170626	12011	P12	PHB	5245	0.66	0.61	-2.02	0.64	251
20170724	12013	E12	RAD51C	5889	0.75	0.72	-1.35	0.74	445.5
20170703	12017	I22	SUPT6H	6830	0.46	0.53	-2.97	0.5	267
20170704	12043	B11	TPX2	22974	0.33	0.5	-3.51	0.42	202.5
20170529	12034	A21	CRNN	49860	0.42	0.73	-2.5	0.57	341.5
20170724	12015	M17	DYNLRB1	83658	0.74	0.71	-1.48	0.72	421
20170718	12003	K15	MPP3	4356	0.54	0.7	-2.16	0.62	310
20170718	12033	P16	NUP205	23165	0.54	0.6	-2.5	0.57	265.5
20170717	12048	O17	ESYT1	23344	0.73	0.71	-1.48	0.72	400
20170725	12041	F10	C1orf27	54953	0.71	0.73	-1.48	0.72	381
20170522	12029	K14	TTYH2	94015	0.69	0.68	-1.75	0.68	404
20170710	12044	M14	IGSF11	152404	0.7	0.75	-1.48	0.72	503
20170725	12041	F16	CKLF	51192	0.61	0.63	-2.16	0.62	328
20170717	12006	K11	KCNT1	57582	0.69	0.63	-1.89	0.66	288
20170725	12053	I17	TMEM111	55831	0.67	0.67	-1.82	0.67	330.5
20170530	12038	M07	ANXA4	307	0.69	0.65	-1.82	0.67	379.5
20170710	12044	J17	TXNIP	10628	0.65	0.69	-1.82	0.67	464.5
20170725	12041	G17	RBM15	64783	0.7	0.7	-1.62	0.7	371
20170626	12008	C16	GNA11	2767	0.4	0.56	-3.1	0.48	173.5
20170718	12033	M22	RPLP0	6175	0.32	0.38	-3.98	0.35	163.5
20170522	12027	J17	RPL19	6143	0.38	0.35	-3.91	0.36	231.5
20170718	12037	M21	IGFBP5	3488	0.65	0.74	-1.62	0.7	357.5
20170704	12021	O13	GTF2A1	2957	0.69	0.6	-2.02	0.64	328
20170725	12053	N22	TMEM167B	56900	0.67	0.49	-2.43	0.58	285
20170724	12013	C14	APOM	55937	0.67	0.62	-2.02	0.64	392
20170724	12014	D22	ETFA	2108	0.61	0.6	-2.29	0.6	356.5
20170725	12041	C08	L1CAM	3897	0.5	0.53	-2.83	0.52	270
20170724	12019	N21	NAGA	4668	0.74	0.58	-1.89	0.66	352.5
20170724	12014	H12	NDP	4693	0.49	0.55	-2.83	0.52	305.5
20170710	12044	G03	ORM2	5005	0.74	0.72	-1.42	0.73	508
20170710	12044	I17	RPL26	6154	0.29	0.27	-4.45	0.28	194
20170530	12039	B21	RPL38	6169	0.3	0.28	-4.38	0.29	164.5
20170710	12044	M07	RPL7A	6130	0.28	0.39	-4.05	0.34	233
20170529	12036	P12	RPS10	6204	0.51	0.64	-2.5	0.57	310
20170529	12036	B22	RPS20	6224	0.47	0.46	-3.24	0.46	252.5
20170529	12036	A13	RPS4X	6191	0.42	0.51	-3.24	0.46	251.5
20170522	12027	I03	RPL9	6133	0.28	0.33	-4.25	0.31	194.5
20170529	12036	B21	RPS8	6202	0.41	0.57	-3.04	0.49	264.5
20170516	12023	I21	RPL18	6141	0.36	0.36	-3.91	0.36	248
20170523	12032	I12	RPL24	6152	0.46	0.69	-2.5	0.57	353.5
20170718	12033	H20	RPL32	6161	0.43	0.47	-3.31	0.45	211.5
20170522	12026	L17	RPL37	6167	0.54	0.55	-2.63	0.55	333.5
20170530	12040	J22	RPS12	6206	0.35	0.45	-3.64	0.4	215
20170718	12037	B12	RPS13	6207	0.37	0.5	-3.37	0.44	223.5
20170530	12040	G17	RPS15	6209	0.42	0.48	-3.31	0.45	241
20170516	12023	D14	RPS21	6227	0.4	0.45	-3.44	0.43	293
20170704	12021	O09	RPS23	6228	0.54	0.52	-2.77	0.53	268
20170522	12028	M08	RPS24	6229	0.49	0.49	-3.04	0.49	320
20170704	12043	E17	RPS29	6235	0.41	0.45	-3.44	0.43	212
20170725	12041	B12	RPL18A	6142	0.31	0.36	-4.05	0.34	177
20170523	12032	J04	RPL27A	6157	0.4	0.52	-3.24	0.46	283
20170626	12009	D21	CYP2A7	1549	0.73	0.69	-1.55	0.71	239
20170724	12013	I21	POLR2A	5430	0.04	0.05	-6.07	0.04	29
20170703	12016	P18	POLR2B	5431	0.7	0.51	-2.29	0.6	344.5
20170725	12041	D17	TF	7018	0.31	0.36	-4.05	0.34	176.5
20170704	12020	I18	ANK3	288	0.74	0.69	-1.48	0.72	412.5
20170627	12012	H15	ASGR2	433	0.61	0.72	-1.89	0.66	246.5
20170725	12041	N20	SERPINH1	871	0.62	0.66	-2.02	0.64	339.5
20170717	12006	N18	CDC5L	988	0.53	0.58	-2.63	0.55	240.5
20170530	12039	I04	ELAVL3	1995	0.32	0.3	-4.25	0.31	175
20170724	12014	H10	EREG	2069	0.65	0.64	-2.02	0.64	380
20170725	12041	N09	FBL	2091	0.74	0.66	-1.62	0.7	371.5
20170626	12008	I03	MGAT1	4245	0.62	0.72	-1.82	0.67	243.5
20170530	12038	M21	NOVA1	4857	0.63	0.68	-1.89	0.66	373.5
20170724	12015	P19	PFDN1	5201	0.61	0.7	-1.89	0.66	377
20170724	12014	I07	POLR2G	5436	0.42	0.38	-3.64	0.4	237
20170614	12055	O19	PSMA5	5686	0.54	0.64	-2.36	0.59	292.5
20170614	12056	C10	PSMA6	5687	0.43	0.43	-3.44	0.43	221.5
20170614	12055	C20	PSMB1	5689	0.53	0.53	-2.77	0.53	262
20170614	12055	A09	PSMB4	5692	0.51	0.62	-2.56	0.56	278
20170530	12039	E13	PSMD1	5707	0.22	0.18	-4.99	0.2	111.5
20170530	12039	E14	PSMD3	5709	0.21	0.24	-4.86	0.22	125
20170704	12042	I18	PSMD11	5717	0.58	0.44	-2.9	0.51	266.5
20170704	12042	I20	PSMD12	5718	0.5	0.45	-3.1	0.48	248
20170626	12008	M16	QSOX1	5768	0.44	0.37	-3.64	0.4	151.5
20170703	12018	I08	ROBO1	6091	0.62	0.61	-2.16	0.62	313
20170725	12041	O13	MRPS12	6183	0.35	0.37	-3.91	0.36	191
20170530	12039	B20	SNCB	6620	0.53	0.75	-2.02	0.64	358.5
20170724	12013	J15	T	6862	0.68	0.67	-1.75	0.68	407.5
20170704	12042	F22	PHLDA2	7262	0.65	0.63	-2.02	0.64	334
20170703	12016	B22	TSTA3	7264	0.53	0.56	-2.63	0.55	310.5
20170725	12041	N14	UCN	7349	0.47	0.37	-3.51	0.42	223.5
20170523	12031	D03	HIST1H2BI	8346	0.45	0.7	-2.5	0.57	313.5
20170530	12038	L19	HIST1H2BC	8347	0.67	0.69	-1.75	0.68	388.5
20170522	12027	K21	HIST1H2BO	8348	0.63	0.73	-1.75	0.68	432
20170725	12041	M19	HIST1H4J	8363	0.74	0.67	-1.62	0.7	373.5
20170627	12012	C13	RAE1	8480	0.75	0.74	-1.35	0.74	277.5
20170724	12019	E03	PRPF18	8559	0.54	0.7	-2.16	0.62	324
20170717	12004	F08	PPAP2C	8612	0.5	0.55	-2.83	0.52	228.5
20170522	12027	N12	NPFF	8620	0.75	0.71	-1.42	0.73	465
20170718	12033	I10	NAPA	8775	0.56	0.68	-2.16	0.62	288
20170718	12007	L09	WISP3	8838	0.64	0.48	-2.56	0.56	285.5
20170703	12017	I08	EIF2S2	8894	0.53	0.61	-2.5	0.57	307.5
20170724	12014	E20	PHOX2B	8929	0.67	0.75	-1.55	0.71	417.5
20170626	12008	L03	NFS1	9054	0.73	0.75	-1.35	0.74	272.5
20170626	12008	O13	APOC4	346	0.64	0.67	-1.89	0.66	241.5
20170626	12011	P03	AQP4	361	0.72	0.65	-1.75	0.68	272
20170724	12013	I18	AQP6	363	0.44	0.53	-3.1	0.48	290
20170626	12008	O03	ARL4D	379	0.64	0.59	-2.16	0.62	228.5
20170626	12011	D03	ATP6V1B2	526	0.37	0.47	-3.51	0.42	168
20170724	12014	K21	CD79A	973	0.46	0.46	-3.24	0.46	273
20170703	12017	C15	CHML	1122	0.59	0.57	-2.43	0.58	312
20170522	12026	J03	COL9A2	1298	0.7	0.74	-1.48	0.72	439.5
20170718	12033	F03	GAS1	2619	0.52	0.52	-2.83	0.52	244
20170703	12016	P19	H2AFX	3014	0.5	0.42	-3.24	0.46	261
20170703	12018	N07	HLA-DOB	3112	0.72	0.64	-1.75	0.68	349
20170718	12033	B14	RBMX	27316	0.71	0.69	-1.62	0.7	329
20170516	12025	F06	HNRNPK	3190	0.61	0.64	-2.16	0.62	421.5
20170627	12012	G18	HOXB1	3211	0.69	0.64	-1.89	0.66	248.5
20170627	12012	F15	LGALS1	3956	0.53	0.54	-2.7	0.54	199
20170724	12015	O18	LIF	3976	0.6	0.59	-2.29	0.6	342
20170626	12011	B21	PDGFA	5154	0.68	0.72	-1.62	0.7	278
20170703	12016	M20	PMM1	5372	0.59	0.71	-1.96	0.65	369
20170626	12011	O03	HHEX	3087	0.5	0.66	-2.43	0.58	231.5
20170614	12055	P20	PSMA2	5683	0.45	0.44	-3.37	0.44	220.5
20170724	12013	C22	RPN2	6185	0.55	0.71	-2.09	0.63	376.5
20170717	12006	J20	UBA52	7311	0.39	0.45	-3.51	0.42	183
20170724	12013	E03	ZIC1	7545	0.58	0.57	-2.5	0.57	348
20170522	12026	I16	COPA	1314	0.43	0.49	-3.24	0.46	281
20170724	12019	G03	E4F1	1877	0.6	0.62	-2.23	0.61	322.5
20170522	12028	E19	PHC1	1911	0.75	0.71	-1.42	0.73	475.5
20170516	12022	F13	ENSA	2029	0.68	0.73	-1.62	0.7	500.5
20170529	12034	O03	HNRNPC	3183	0.41	0.57	-3.04	0.49	290
20170724	12019	C03	HOXC6	3223	0.66	0.73	-1.62	0.7	367
20170710	12044	M18	AGFG1	3267	0.67	0.63	-1.96	0.65	452
20170724	12014	J08	4-Sep	5414	0.72	0.61	-1.89	0.66	393.5
20170516	12024	P03	RPS18	6222	0.39	0.51	-3.31	0.45	300
20170522	12029	O03	SCO1	6341	0.66	0.55	-2.29	0.6	357.5
20170530	12039	H22	SSPN	8082	0.73	0.7	-1.48	0.72	400.5
20170725	12041	I12	SYNGR2	9144	0.6	0.68	-2.02	0.64	338.5
20170530	12038	P04	TIAF1	9220	0.75	0.73	-1.35	0.74	420
20170724	12013	L20	COX5A	9377	0.52	0.75	-2.02	0.64	378
20170724	12019	E19	POLR2D	5433	0.36	0.49	-3.51	0.42	221
20170626	12009	O03	HS6ST1	9394	0.74	0.69	-1.48	0.72	241
20170704	12020	G21	MED26	9441	0.52	0.36	-3.37	0.44	256
20170626	12011	M04	PIGL	9487	0.62	0.54	-2.43	0.58	229
20170724	12013	K15	GOSR1	9527	0.7	0.69	-1.62	0.7	420
20170724	12014	O03	APBA3	9546	0.54	0.64	-2.36	0.59	346.5
20170710	12046	N19	RBM39	9584	0.61	0.63	-2.16	0.62	401.5
20170522	12028	L12	ARRB1	408	0.72	0.71	-1.48	0.72	466
20170626	12010	N07	COX17	10063	0.66	0.71	-1.75	0.68	250.5
20170703	12016	E15	DNM1L	10059	0.75	0.66	-1.62	0.7	402
20170718	12007	H03	HSPA1L	3305	0.68	0.71	-1.62	0.7	352.5
20170724	12013	K08	TAF1C	9013	0.69	0.64	-1.89	0.66	402
20170724	12015	A16	B3GALT5	10317	0.72	0.74	-1.42	0.73	420.5
20170516	12025	G19	RPL10	6134	0.39	0.47	-3.44	0.43	288
20170725	12041	K03	H1FX	8971	0.65	0.7	-1.75	0.68	354.5
20170725	12041	I14	PCNT	5116	0.64	0.57	-2.29	0.6	322
20170704	12043	K03	NAP1L4	4676	0.74	0.72	-1.42	0.73	363.5
20170516	12022	E04	IK	3550	0.25	0.29	-4.52	0.27	191
20170724	12015	F13	YAP1	10413	0.71	0.75	-1.42	0.73	422
20170704	12020	L14	STAMBP	10617	0.51	0.54	-2.83	0.52	300.5
20170724	12019	N19	MOGS	7841	0.73	0.75	-1.35	0.74	392.5
20170704	12020	N12	NTF4	4909	0.68	0.72	-1.62	0.7	401.5
20170627	12012	I04	PAX9	5083	0.47	0.68	-2.5	0.57	209.5
20170627	12012	E15	POLR2H	5437	0.43	0.46	-3.37	0.44	166.5
20170626	12009	G14	POLR2I	5438	0.64	0.68	-1.89	0.66	223
20170718	12033	P11	PRPF8	10594	0.39	0.38	-3.78	0.38	181.5
20170718	12007	O17	SIVA1	10572	0.42	0.56	-3.04	0.49	245
20170530	12039	I22	ACTL7B	10880	0.75	0.74	-1.35	0.74	416.5
20170724	12019	F21	GMEB1	10691	0.6	0.66	-2.09	0.63	332.5
20170703	12017	E21	LBX1	10660	0.63	0.58	-2.29	0.6	326
20170627	12012	I17	CLDN16	10686	0.72	0.59	-1.89	0.66	247
20170523	12030	L13	RAI1	10743	0.73	0.75	-1.35	0.74	432.5
20170704	12020	B21	RUVBL2	10856	0.6	0.68	-2.02	0.64	365
20170530	12039	J06	C10orf116	10974	0.7	0.52	-2.23	0.61	344
20170725	12041	M21	MED22	6837	0.65	0.67	-1.89	0.66	348
20170718	12007	J17	YWHAQ	10971	0.74	0.66	-1.62	0.7	356.5
20170613	12050	C20	NUDT21	11051	0.72	0.73	-1.48	0.72	379.5
20170710	12044	L21	SNRPD1	6632	0.53	0.54	-2.7	0.54	373
20170704	12020	P09	TOPBP1	11073	0.62	0.71	-1.89	0.66	379.5
20170724	12013	K17	ZNF197	10168	0.41	0.44	-3.51	0.42	254
20170529	12036	F16	RPL35	11224	0.56	0.63	-2.29	0.6	322.5
20170626	12009	L15	TEP1	7011	0.62	0.64	-2.09	0.63	211
20170626	12008	I09	TTF1	7270	0.51	0.63	-2.5	0.57	209
20170725	12041	P13	RALY	22913	0.53	0.71	-2.16	0.62	326
20170724	12013	F04	DDX42	11325	0.6	0.71	-1.89	0.66	391
20170724	12019	J11	CLC	1178	0.61	0.67	-2.02	0.64	337
20170725	12041	A22	AUP1	550	0.54	0.6	-2.5	0.57	299
20170724	12019	D22	CASP8AP2	9994	0.24	0.23	-4.72	0.24	125
20170626	12011	K22	INTS6	26512	0.72	0.75	-1.35	0.74	292
20170614	12057	K13	FBXO5	26271	0.37	0.38	-3.78	0.38	192
20170703	12017	J19	ILF3	3609	0.66	0.66	-1.89	0.66	355
20170703	12016	K19	SNW1	22938	0.54	0.46	-2.97	0.5	284
20170724	12019	B18	FTSJ1	24140	0.72	0.73	-1.48	0.72	383.5
20170614	12057	K03	FBXL7	23194	0.66	0.67	-1.89	0.66	340.5
20170724	12014	I14	NARF	26502	0.67	0.66	-1.89	0.66	391.5
20170530	12038	J11	GNLY	10578	0.69	0.74	-1.48	0.72	403.5
20170724	12013	D07	NPTXR	23467	0.35	0.46	-3.64	0.4	240.5
20170627	12012	O13	TAF5L	27097	0.64	0.71	-1.75	0.68	251.5
20170724	12015	B16	MORC1	27136	0.38	0.63	-2.97	0.5	284.5
20170724	12019	F07	GUSB	2990	0.7	0.73	-1.48	0.72	380
20170703	12017	N14	NDUFV2	4729	0.58	0.7	-2.02	0.64	344.5
20170627	12012	C10	SIAH1	6477	0.48	0.62	-2.63	0.55	201.5
20170724	12015	J12	SUPT4H1	6827	0.69	0.74	-1.48	0.72	412
20170627	12012	E03	TEAD1	7003	0.52	0.54	-2.77	0.53	197.5
20170703	12016	J18	OASL	8638	0.65	0.59	-2.16	0.62	355.5
20170703	12016	J14	GLRX	2745	0.62	0.65	-2.02	0.64	361
20170530	12038	L14	IFNW1	3467	0.65	0.73	-1.69	0.69	389.5
20170704	12020	M13	MYH8	4626	0.74	0.57	-1.89	0.66	380
20170724	12019	I07	ASMTL	8623	0.62	0.43	-2.83	0.52	282.5
20170724	12019	N14	RUNX3	864	0.66	0.6	-2.09	0.63	335.5
20170724	12013	H20	LRP2	4036	0.56	0.71	-2.02	0.64	380
20170529	12034	O14	NUMBL	9253	0.59	0.66	-2.16	0.62	374
20170703	12016	D14	GJA8	2703	0.59	0.61	-2.29	0.6	344
20170725	12041	K13	CFL1	1072	0.52	0.68	-2.29	0.6	314.5
20170522	12028	M03	SPON1	10418	0.62	0.62	-2.16	0.62	403
20170704	12043	M03	CKAP4	10970	0.61	0.67	-2.02	0.64	319
20170522	12028	L17	KERA	11081	0.64	0.65	-2.02	0.64	421.5
20170522	12027	B17	UBL3	5412	0.5	0.72	-2.23	0.61	386
20170613	12051	A06	ISCU	23479	0.39	0.45	-3.51	0.42	218.5
20170725	12053	K03	CSDC2	27254	0.61	0.62	-2.16	0.62	302
20170725	12053	D18	RSPO3	84870	0.52	0.44	-3.1	0.48	236.5
20170718	12037	N10	RPL27	6155	0.39	0.37	-3.78	0.38	196
20170529	12036	D10	RPL23A	6147	0.34	0.41	-3.78	0.38	206
20170725	12041	K15	KANK1	23189	0.6	0.74	-1.82	0.67	351
20170516	12024	J03	KRT3	3850	0.67	0.7	-1.75	0.68	461.5
20170516	12022	D04	RPL21	6144	0.32	0.38	-3.98	0.35	247
20170725	12053	K13	WFIKKN1	117166	0.7	0.67	-1.75	0.68	339.5
20170718	12003	J22	SORCS3	22986	0.72	0.74	-1.42	0.73	365.5
20170516	12022	F10	RPL14	9045	0.29	0.34	-4.18	0.32	221.5
20170717	12049	O07	TM2D3	80213	0.72	0.72	-1.48	0.72	365.5
20170724	12013	J08	PIGZ	80235	0.68	0.57	-2.16	0.62	378.5
20170516	12025	C19	RPL6	6128	0.35	0.36	-3.91	0.36	240
20170613	12050	I08	PAG1	55824	0.71	0.58	-2.02	0.64	337.5
20170718	12033	M15	RPL3	6122	0.49	0.42	-3.31	0.45	215
20170530	12039	L22	SON	6651	0.38	0.45	-3.51	0.42	231.5
20170725	12053	G12	CDHR5	53841	0.7	0.66	-1.75	0.68	334
20170530	12039	P22	SPANXC	64663	0.3	0.49	-3.64	0.4	222
20170710	12044	K11	TES	26136	0.6	0.64	-2.16	0.62	429
20170710	12044	O06	GTPBP5	26164	0.74	0.74	-1.35	0.74	516
20170704	12021	L13	CDH23	64072	0.15	0.74	-3.37	0.44	222
20170725	12041	J11	ARCN1	372	0.28	0.32	-4.32	0.3	157.5
20170725	12041	D18	ST7	7982	0.74	0.59	-1.89	0.66	352.5
20170724	12019	K07	NUP98	4928	0.57	0.61	-2.36	0.59	312
20170724	12013	E18	GABPB1	2553	0.74	0.72	-1.42	0.73	441
20170725	12041	C20	VPS4A	27183	0.31	0.25	-4.45	0.28	151.5
20170704	12021	E20	HOXD11	3237	0.7	0.72	-1.55	0.71	360.5
20170724	12013	N07	HOXD12	3238	0.49	0.41	-3.31	0.45	274.5
20170725	12041	F06	COTL1	23406	0.53	0.46	-2.97	0.5	263
20170530	12039	L20	HIST1H2BJ	8970	0.62	0.65	-2.02	0.64	354.5
20170710	12044	D20	MRPL23	6150	0.73	0.71	-1.48	0.72	498
20170724	12014	K11	POLR2L	5441	0.65	0.53	-2.36	0.59	350
20170703	12017	H14	ATP6V1C1	528	0.65	0.71	-1.75	0.68	368
20170529	12034	B07	FAU	2197	0.41	0.5	-3.31	0.45	271
20170718	12003	O10	SORCS2	57537	0.75	0.74	-1.35	0.74	373.5
20170718	12003	P20	CXCR7	57007	0.66	0.71	-1.75	0.68	343
20170522	12026	N16	CDC40	51362	0.4	0.35	-3.78	0.38	227
20170724	12014	L16	HLA-DQA1	3117	0.52	0.73	-2.16	0.62	364.5
20170626	12009	L03	HOXD8	3234	0.52	0.7	-2.23	0.61	205.5
20170530	12038	K18	PCDHA11	56138	0.67	0.62	-2.02	0.64	369.5
20170530	12038	B11	PCDHA7	56141	0.69	0.64	-1.89	0.66	380
20170614	12057	I15	ASB11	140456	0.68	0.73	-1.62	0.7	360.5
20170626	12010	F16	ASGR1	432	0.75	0.71	-1.42	0.73	268
20170522	12028	F03	PCDHGA4	56111	0.75	0.58	-1.89	0.66	435
20170710	12047	K07	RPSA	3921	0.37	0.48	-3.51	0.42	262
20170516	12022	K18	HIST1H2BK	85236	0.56	0.59	-2.5	0.57	406
20170725	12041	O05	WAC	51322	0.7	0.74	-1.48	0.72	380.5
20170704	12020	F08	OAZ3	51686	0.67	0.74	-1.62	0.7	403
20170710	12045	N13	MED9	55090	0.7	0.56	-2.09	0.63	378
20170724	12014	H20	TBX4	9496	0.55	0.68	-2.16	0.62	360
20170724	12013	J12	RTEL1	51750	0.73	0.75	-1.35	0.74	446.5
20170718	12007	N10	HOXC5	3222	0.75	0.61	-1.75	0.68	347.5
20170724	12013	O18	UBB	7314	0.01	0.01	-6.27	0.01	6.5
20170626	12010	M16	GALNT8	26290	0.72	0.74	-1.42	0.73	267
20170710	12045	N07	VPS45	11311	0.58	0.69	-2.02	0.64	381
20170724	12014	L19	SCAMP3	10067	0.63	0.68	-1.89	0.66	384
20170710	12044	F15	DEFB129	140881	0.67	0.72	-1.62	0.7	482.5
20170530	12039	B14	RPL37A	6168	0.26	0.25	-4.59	0.26	142.5
20170522	12028	N03	NFKBIZ	64332	0.74	0.59	-1.89	0.66	434
20170725	12053	G18	TMEM133	83935	0.44	0.49	-3.24	0.46	227.5
20170529	12035	F22	RPS15A	6210	0.34	0.44	-3.71	0.39	208
20170523	12031	H09	RPL35A	6165	0.46	0.56	-2.9	0.51	278.5
20170516	12024	C08	RPL34	6164	0.39	0.45	-3.51	0.42	283
20170717	12004	N18	PPP1R12B	4660	0.58	0.42	-2.97	0.5	217.5
20170530	12038	I07	SPANXA1	30014	0.24	0.29	-4.59	0.26	149
20170522	12029	L19	RPS11	6205	0.41	0.63	-2.83	0.52	307.5
20170530	12040	A22	RPL31	6160	0.25	0.17	-4.92	0.21	114.5
20170529	12034	J17	KLRC4	8302	0.69	0.75	-1.48	0.72	431.5
20170522	12026	C06	RPL13A	23521	0.44	0.6	-2.83	0.52	318.5
20170523	12031	E05	RPS3A	6189	0.52	0.63	-2.5	0.57	317
20170718	12037	K15	RPL30	6156	0.36	0.39	-3.78	0.38	192
20170516	12022	O22	RPS3	6188	0.29	0.43	-3.91	0.36	252
20170530	12040	O10	RPL5	6125	0.44	0.47	-3.31	0.45	246
20170704	12042	D11	SNRPD2	6633	0.51	0.66	-2.43	0.58	301.5
20170529	12034	I16	MACF1	23499	0.65	0.75	-1.62	0.7	419.5
20170627	12012	B13	SPEN	23013	0.46	0.62	-2.7	0.54	198
20170718	12037	H20	RPS16	6217	0.49	0.49	-3.04	0.49	251
20170516	12022	H13	RPL23	9349	0.29	0.36	-4.18	0.32	231
20170725	12041	F19	CSRNP1	64651	0.5	0.47	-3.1	0.48	257.5
20170530	12040	E21	RPL10A	4736	0.35	0.43	-3.71	0.39	209
20170530	12038	L21	RPS28	6234	0.32	0.32	-4.18	0.32	182.5
20170724	12013	I09	GFM1	85476	0.72	0.66	-1.69	0.69	418.5
20170703	12016	A03	RPS2	6187	0.38	0.34	-3.91	0.36	207.5
20170704	12020	O09	B3GALT2	8707	0.7	0.73	-1.48	0.72	409.5
20170703	12017	J20	B3GALT4	8705	0.74	0.73	-1.35	0.74	396.5
20170529	12034	G19	RPS7	6201	0.47	0.43	-3.31	0.45	269.5
20170522	12027	D08	RPL11	6135	0.39	0.51	-3.31	0.45	285
20170522	12027	M09	RPL13	6137	0.37	0.5	-3.37	0.44	274
20170530	12040	F11	RPL15	6138	0.51	0.59	-2.63	0.55	295
20170522	12028	F19	RPL8	6132	0.35	0.51	-3.44	0.43	278
20170530	12038	J05	RPS27A	6233	0.41	0.49	-3.31	0.45	254
20170613	12050	B18	SPOCK1	6695	0.46	0.66	-2.56	0.56	289
20170522	12029	N16	RPL7	6129	0.35	0.39	-3.84	0.37	218
20170530	12038	O18	CNTNAP4	85445	0.73	0.66	-1.62	0.7	396
20170613	12051	P04	MTHFSD	64779	0.67	0.69	-1.75	0.68	357
20170530	12039	A12	C12orf10	60314	0.42	0.61	-2.83	0.52	284.5
20170724	12014	I22	EIF4A2	1974	0.55	0.66	-2.29	0.6	355
20170626	12010	P11	DHX29	54505	0.52	0.62	-2.5	0.57	208
20170724	12014	K14	UGT1A7	54577	0.73	0.7	-1.48	0.72	420.5
20170718	12037	I07	NUPL1	9818	0.65	0.69	-1.82	0.67	342.5
20170725	12053	I12	ZNF777	27153	0.68	0.69	-1.75	0.68	339
20170710	12046	H19	RIBC2	26150	0.62	0.64	-2.09	0.63	409.5
20170718	12007	F19	GATAD2B	57459	0.64	0.74	-1.69	0.69	348
20170717	12048	F17	ISY1	57461	0.44	0.58	-2.9	0.51	281
20170725	12041	N04	FGFR1OP2	26127	0.66	0.66	-1.89	0.66	350
20170717	12048	K15	CCDC69	26112	0.71	0.74	-1.48	0.72	401.5
20170725	12041	C18	PNOC	5368	0.69	0.6	-2.02	0.64	343.5
20170725	12041	M18	HAPLN2	60484	0.56	0.54	-2.63	0.55	290.5
20170725	12041	P19	PUM2	23369	0.67	0.69	-1.75	0.68	359.5
20170710	12046	N11	C17orf75	64149	0.63	0.75	-1.69	0.69	445.5
20170724	12015	M19	UGT1A9	54600	0.58	0.65	-2.16	0.62	353
20170725	12053	D08	ZCCHC14	23174	0.57	0.73	-1.96	0.65	320.5
20170516	12022	A12	POP1	10940	0.43	0.66	-2.63	0.55	383
20170704	12021	H11	SNRNP200	23020	0.59	0.67	-2.09	0.63	319.5
20170724	12015	F15	MOV10	4343	0.61	0.62	-2.16	0.62	355.5
20170613	12050	M15	ACD	65057	0.66	0.64	-1.96	0.65	341
20170725	12053	F19	C8orf33	65265	0.75	0.61	-1.75	0.68	335.5
20170725	12053	F18	LRRC61	65999	0.42	0.51	-3.24	0.46	229.5
20170725	12053	L04	C11orf49	79096	0.6	0.55	-2.5	0.57	283.5
20170724	12019	O22	MAPKAP1	79109	0.43	0.52	-3.1	0.48	249.5
20170724	12015	H13	UBL5	59286	0.42	0.45	-3.37	0.44	250
20170725	12053	O13	FAM65A	79567	0.52	0.56	-2.7	0.54	268
20170613	12051	A11	TMEM53	79639	0.7	0.72	-1.55	0.71	369
20170613	12050	A16	AKIRIN1	79647	0.65	0.75	-1.62	0.7	363
20170613	12050	M03	VPS37B	79720	0.71	0.71	-1.55	0.71	369
20170725	12053	G17	ZNF750	79755	0.68	0.7	-1.69	0.69	341
20170627	12012	D21	UGT2A3	79799	0.65	0.7	-1.75	0.68	249
20170725	12053	F16	NAA40	79829	0.59	0.71	-1.96	0.65	320
20170725	12053	I21	C11orf63	79864	0.75	0.72	-1.35	0.74	362.5
20170718	12033	J11	TREML2	79865	0.68	0.75	-1.48	0.72	333
20170613	12052	L14	RPAP2	79871	0.59	0.5	-2.7	0.54	262
20170725	12053	E07	PODNL1	79883	0.39	0.5	-3.37	0.44	219.5
20170710	12046	E18	MAGIX	79917	0.75	0.69	-1.48	0.72	467.5
20170725	12053	H07	MAP6D1	79929	0.6	0.53	-2.56	0.56	279
20170613	12050	E06	DENND1C	79958	0.54	0.72	-2.09	0.63	326
20170725	12041	M20	ATF7IP2	80063	0.7	0.65	-1.75	0.68	359.5
20170717	12048	P16	MZT2B	80097	0.53	0.64	-2.43	0.58	325
20170614	12057	E15	PAAF1	80227	0.51	0.59	-2.63	0.55	279
20170614	12054	G09	WDR61	80349	0.66	0.56	-2.23	0.61	323
20170626	12010	P06	SOST	50964	0.73	0.75	-1.35	0.74	271.5
20170703	12016	O20	THUMPD2	80745	0.68	0.66	-1.82	0.67	382.5
20170627	12012	I03	AARSD1	80755	0.62	0.71	-1.89	0.66	247
20170710	12045	L13	TMEM177	80775	0.72	0.72	-1.48	0.72	435
20170718	12033	O07	CEP44	80817	0.64	0.7	-1.82	0.67	313.5
20170710	12044	E20	ZBP1	81030	0.59	0.56	-2.5	0.57	401.5
20170529	12034	G20	LMAN2L	81562	0.66	0.72	-1.69	0.69	414.5
20170710	12045	L10	URM1	81605	0.56	0.56	-2.56	0.56	338
20170613	12051	D03	TMEM163	81615	0.71	0.69	-1.62	0.7	365.5
20170717	12048	P20	MED25	81857	0.63	0.55	-2.36	0.59	330
20170725	12041	K18	SH3BGRL3	83442	0.59	0.6	-2.29	0.6	314.5
20170710	12044	J21	SF3B5	83443	0.59	0.47	-2.77	0.53	370.5
20170725	12053	N11	RBM4B	83759	0.49	0.47	-3.1	0.48	236
20170710	12047	K16	QRICH2	84074	0.68	0.73	-1.62	0.7	436.5
20170627	12012	H16	KAT8	84148	0.75	0.74	-1.35	0.74	276.5
20170613	12051	K15	TMEM164	84187	0.53	0.6	-2.56	0.56	295
20170613	12050	B17	MED10	84246	0.56	0.49	-2.83	0.52	275.5
20170613	12051	B17	FLYWCH1	84256	0.68	0.66	-1.82	0.67	351.5
20170614	12054	F15	ALKBH7	84266	0.67	0.63	-1.96	0.65	344
20170613	12051	L19	ZNF414	84330	0.57	0.56	-2.56	0.56	295
20170725	12041	A20	PRAC	84366	0.69	0.73	-1.55	0.71	373.5
20170725	12041	O16	ZNF347	84671	0.56	0.53	-2.63	0.55	289
20170725	12053	O06	EFCAB4B	84766	0.44	0.53	-3.1	0.48	238.5
20170710	12045	L15	TUBA1C	84790	0.46	0.44	-3.31	0.45	271
20170613	12051	L22	BUD13	84811	0.75	0.66	-1.62	0.7	367.5
20170613	12051	P22	FCRLA	84824	0.59	0.48	-2.77	0.53	280.5
20170614	12057	L19	PHF5A	84844	0.6	0.61	-2.29	0.6	308
20170613	12051	K13	C8orf76	84933	0.7	0.62	-1.89	0.66	345
20170710	12045	P16	UBL7	84993	0.73	0.69	-1.55	0.71	429
20170704	12042	D14	TNKS1BP1	85456	0.7	0.64	-1.82	0.67	348.5
20170613	12050	F06	FAM78A	286336	0.54	0.47	-2.97	0.5	263
20170614	12054	M19	INTS4	92105	0.73	0.72	-1.48	0.72	381
20170725	12053	E17	TMEM123	114908	0.73	0.64	-1.75	0.68	337
20170530	12038	C15	FAM167A	83648	0.74	0.74	-1.35	0.74	420.5
20170529	12035	A03	PSIP1	11168	0.54	0.63	-2.43	0.58	315.5
20170725	12041	K21	C21orf58	54058	0.6	0.7	-1.96	0.65	341
20170725	12053	M11	TJAP1	93643	0.59	0.6	-2.29	0.6	295
20170725	12053	H11	CCDC34	91057	0.67	0.71	-1.69	0.69	339.5
20170530	12039	H13	CDCA5	113130	0.28	0.3	-4.38	0.29	163.5
20170522	12027	H03	C20orf151	140893	0.75	0.65	-1.62	0.7	446
20170614	12057	C14	SPSB4	92369	0.71	0.61	-1.89	0.66	338.5
20170704	12042	I03	MOB3A	126308	0.56	0.72	-2.02	0.64	329
20170725	12053	P19	SDF4	51150	0.66	0.73	-1.62	0.7	342.5
20170725	12041	F15	GRB10	2887	0.67	0.64	-1.89	0.66	347
20170725	12041	B19	ACTRT1	139741	0.47	0.58	-2.83	0.52	276
20170725	12053	L18	YTHDC1	91746	0.42	0.48	-3.31	0.45	223
20170725	12053	K04	NLRP6	171389	0.72	0.72	-1.48	0.72	355
20170725	12041	J18	RPP30	10556	0.75	0.72	-1.35	0.74	389
20170627	12012	J19	NKIRAS2	28511	0.71	0.72	-1.48	0.72	266
20170516	12022	N18	EMID1	129080	0.56	0.75	-1.89	0.66	462
20170530	12038	L08	NAB1	4664	0.58	0.75	-1.89	0.66	374.5
20170613	12051	G04	CNOT1	23019	0.35	0.37	-3.91	0.36	189
20170613	12052	C14	CCDC113	29070	0.55	0.73	-2.02	0.64	303
20170718	12003	E10	CRY1	1407	0.73	0.72	-1.48	0.72	363
20170724	12015	G07	SP7	121340	0.68	0.57	-2.16	0.62	363
20170613	12051	O19	CCDC82	79780	0.68	0.62	-1.96	0.65	338
20170626	12008	O18	RNMTL1	55178	0.6	0.62	-2.23	0.61	225
20170516	12022	N05	SGOL1	151648	0.68	0.75	-1.48	0.72	505.5
20170613	12050	K03	KLC4	89953	0.59	0.75	-1.82	0.67	346.5
20170614	12054	M22	TP53I13	90313	0.67	0.74	-1.62	0.7	370
20170614	12054	C14	PIGV	55650	0.69	0.61	-1.96	0.65	341.5
20170710	12046	J21	TMEM44	93109	0.58	0.62	-2.29	0.6	391
20170725	12053	C14	ITFG2	55846	0.74	0.68	-1.55	0.71	350.5
20170626	12011	M08	HMGN1	3150	0.74	0.59	-1.89	0.66	263
20170710	12045	D14	MFSD3	113655	0.68	0.69	-1.75	0.68	410.5
20170717	12005	B13	KCTD12	115207	0.43	0.54	-3.1	0.48	289
20170725	12053	F08	GLIS3	169792	0.41	0.41	-3.57	0.41	202
20170613	12052	I22	SCGB1C1	147199	0.59	0.71	-1.96	0.65	307.5
20170718	12037	N06	AKIP1	56672	0.7	0.64	-1.82	0.67	344
20170627	12012	I20	NFRKB	4798	0.65	0.7	-1.75	0.68	250
20170717	12048	E13	RBM42	79171	0.65	0.61	-2.09	0.63	350
20170710	12046	B11	CCNJL	79616	0.68	0.71	-1.62	0.7	449
20170710	12044	K16	ZNF271	10778	0.7	0.7	-1.62	0.7	489
20170710	12044	H10	ARC	23237	0.73	0.7	-1.48	0.72	497
20170724	12019	A16	VEGFB	7423	0.58	0.7	-2.02	0.64	336
20170626	12010	J22	RPA1	6117	0.47	0.45	-3.24	0.46	167.5
20170725	12053	H08	C8orf46	254778	0.57	0.66	-2.16	0.62	304.5
20170724	12014	E10	DCLRE1B	64858	0.63	0.65	-2.02	0.64	378.5
20170725	12053	L14	PARP8	79668	0.66	0.66	-1.89	0.66	326.5
20170717	12049	N18	CDK2AP2	10263	0.53	0.41	-3.17	0.47	241
20170627	12012	H03	EIF1	10209	0.72	0.74	-1.42	0.73	272.5
20170717	12006	F10	SLFN13	146857	0.69	0.71	-1.62	0.7	306
20170717	12048	E10	TEKT5	146279	0.72	0.73	-1.48	0.72	401.5
20170522	12026	J07	SNAPIN	23557	0.74	0.68	-1.55	0.71	433
20170710	12044	I16	COBRA1	25920	0.74	0.68	-1.55	0.71	496.5
20170725	12053	N08	PRRT2	112476	0.63	0.58	-2.29	0.6	299.5
20170614	12054	C12	CENPN	55839	0.73	0.5	-2.16	0.62	325
20170703	12016	P22	PPCDC	60490	0.66	0.53	-2.29	0.6	338
20170626	12008	C21	PGAM5	192111	0.19	0.51	-3.98	0.35	123
20170614	12054	G15	NKX6-3	157848	0.75	0.59	-1.82	0.67	354.5
20170725	12041	I22	IFI27L1	122509	0.59	0.54	-2.56	0.56	301
20170613	12051	E12	SMCR7L	54471	0.72	0.64	-1.75	0.68	358
20170724	12013	O09	RLBP1	6017	0.51	0.52	-2.83	0.52	309.5
20170704	12020	M12	ISG20	3669	0.65	0.66	-1.89	0.66	375
20170710	12044	B18	MFSD10	10227	0.64	0.61	-2.16	0.62	436.5
20170627	12012	M06	UROC1	131669	0.56	0.69	-2.16	0.62	231
20170530	12039	O04	SF3A1	10291	0.57	0.49	-2.77	0.53	298
20170710	12045	P04	C1orf182	128229	0.58	0.65	-2.16	0.62	369.5
20170725	12053	F05	C17orf50	146853	0.69	0.7	-1.62	0.7	343.5
20170613	12050	M17	CWC25	54883	0.57	0.64	-2.29	0.6	314
20170627	12012	F08	PDLIM1	9124	0.75	0.72	-1.35	0.74	274
20170522	12027	I17	HES4	57801	0.53	0.58	-2.63	0.55	352.5
20170530	12039	J03	BCAN	63827	0.68	0.62	-1.96	0.65	365
20170725	12053	P07	RAX2	84839	0.39	0.36	-3.78	0.38	186
20170530	12039	J22	TP53INP1	94241	0.72	0.74	-1.42	0.73	407
20170613	12050	J06	EIF3M	10480	0.43	0.64	-2.7	0.54	275.5
20170704	12021	I08	MED21	9412	0.54	0.5	-2.83	0.52	264
20170710	12044	H09	CIR1	9541	0.62	0.69	-1.89	0.66	452.5
20170613	12051	L21	CLEC4M	10332	0.68	0.68	-1.75	0.68	355
20170627	12012	B04	RCL1	10171	0.7	0.65	-1.75	0.68	252.5
20170710	12045	G04	C22orf29	79680	0.65	0.57	-2.23	0.61	369.5
20170725	12053	H22	TTC23	64927	0.67	0.71	-1.69	0.69	340.5
20170725	12053	G03	HNRPLL	92906	0.68	0.64	-1.89	0.66	327.5
20170717	12048	G18	C17orf62	79415	0.64	0.74	-1.69	0.69	381
20170523	12030	H20	AEBP2	121536	0.67	0.73	-1.62	0.7	408
20170725	12053	F11	DAND5	199699	0.75	0.66	-1.62	0.7	348.5
20170725	12041	G07	TOMM34	10953	0.65	0.74	-1.62	0.7	365.5
20170725	12041	H18	ZNF383	163087	0.55	0.55	-2.63	0.55	291
20170614	12054	M05	WDR48	57599	0.7	0.75	-1.48	0.72	379
20170613	12052	K04	C7orf43	55262	0.54	0.63	-2.43	0.58	276.5
20170717	12048	M16	ANKFN1	162282	0.74	0.68	-1.55	0.71	394
20170725	12041	I20	TM4SF18	116441	0.67	0.61	-2.02	0.64	340.5
20170725	12053	B17	PQLC3	130814	0.27	0.42	-4.05	0.34	170.5
20170613	12050	N19	CCDC126	90693	0.74	0.71	-1.48	0.72	379
20170725	12053	B06	PIH1D2	120379	0.54	0.62	-2.43	0.58	284.5
20170725	12053	N06	MITD1	129531	0.68	0.65	-1.89	0.66	329.5
20170613	12050	E14	HYLS1	219844	0.49	0.43	-3.24	0.46	239
20170522	12029	O16	IVNS1ABP	10625	0.66	0.75	-1.62	0.7	418.5
20170725	12053	L16	TEDDM1	127670	0.66	0.63	-2.02	0.64	318.5
20170725	12041	J03	C17orf103	256302	0.72	0.74	-1.42	0.73	384
20170724	12019	N13	PYCR2	29920	0.51	0.67	-2.36	0.59	310
20170613	12050	N11	PRRT1	80863	0.75	0.68	-1.48	0.72	374.5
20170703	12016	M14	GGT6	124975	0.61	0.7	-1.89	0.66	376
20170725	12053	D10	C15orf43	145645	0.6	0.59	-2.29	0.6	293
20170725	12041	C13	EPC2	26122	0.47	0.73	-2.29	0.6	311
20170614	12057	O03	FBXL16	146330	0.55	0.55	-2.63	0.55	281
20170710	12044	N18	PYDC1	260434	0.73	0.73	-1.42	0.73	507.5
20170710	12047	J11	IZUMO2	126123	0.67	0.71	-1.69	0.69	427
20170725	12053	K16	GPATCH1	55094	0.6	0.59	-2.29	0.6	294
20170725	12053	C22	BATF2	116071	0.61	0.62	-2.16	0.62	302
20170725	12053	M03	TTC30A	92104	0.46	0.45	-3.24	0.46	225
20170703	12016	O11	POMP	51371	0.45	0.4	-3.44	0.43	242.5
20170725	12041	H05	USP54	159195	0.67	0.61	-2.02	0.64	339.5
20170725	12053	D15	C16orf71	146562	0.51	0.68	-2.29	0.6	294
20170725	12041	K19	TAX1BP1	8887	0.56	0.59	-2.5	0.57	301.5
20170516	12022	M17	SNRPB2	6629	0.54	0.75	-2.02	0.64	453.5
20170718	12033	M19	TOLLIP	54472	0.75	0.68	-1.48	0.72	336
20170724	12013	N12	RRN3	54700	0.59	0.53	-2.56	0.56	341.5
20170614	12054	O15	CCDC17	149483	0.71	0.64	-1.75	0.68	355.5
20170725	12053	A07	U2AF1L4	199746	0.68	0.61	-2.02	0.64	320
20170725	12041	A10	COPS6	10980	0.31	0.55	-3.44	0.43	222
20170718	12037	M17	NSA2	10412	0.62	0.53	-2.5	0.57	295
20170724	12014	D07	EIF2S3	1968	0.42	0.42	-3.51	0.42	250
20170529	12034	P04	RPA2	6118	0.61	0.61	-2.23	0.61	364.5
20170718	12007	O06	CD300C	10871	0.67	0.7	-1.75	0.68	344.5
20170619	12058	G17	RFWD3	55159	0.6	0.57	-2.43	0.58	295.5
20170725	12041	B17	WDR33	55339	0.6	0.58	-2.36	0.59	314.5
20170725	12053	K10	VEZT	55591	0.64	0.61	-2.16	0.62	308
20170725	12053	P16	FAM63A	55793	0.69	0.51	-2.29	0.6	298
20170530	12038	A11	ZNF71	58491	0.6	0.72	-1.89	0.66	372.5
20170704	12020	J16	CYBRD1	79901	0.73	0.73	-1.42	0.73	419.5
20170725	12053	K06	EDC3	80153	0.59	0.69	-2.02	0.64	315
20170725	12041	L21	KAZALD1	81621	0.48	0.49	-3.1	0.48	255
20170725	12053	M15	FAM73B	84895	0.61	0.67	-2.02	0.64	316
20170724	12015	H06	LILRB1	10859	0.69	0.67	-1.75	0.68	393.5
20170725	12041	F12	CPEB1	64506	0.49	0.64	-2.56	0.56	295
20170703	12016	H22	JAG2	3714	0.53	0.42	-3.1	0.48	270.5
20170522	12027	B15	SF3B4	10262	0.4	0.49	-3.37	0.44	280.5
20170718	12033	F06	SLU7	10569	0.4	0.42	-3.57	0.41	191
20170703	12016	F21	DHX30	22907	0.64	0.6	-2.16	0.62	354
20170530	12040	H11	BCL2L12	83596	0.7	0.73	-1.48	0.72	385
20170614	12055	O16	PSMA4	5685	0.37	0.33	-3.98	0.35	176
20170529	12036	L12	PSMD2	5708	0.57	0.51	-2.7	0.54	296
20170626	12008	B03	LAMA5	3911	0.58	0.72	-1.96	0.65	237.5
20170724	12013	J03	SMARCA2	6595	0.62	0.58	-2.29	0.6	364
20170724	12014	I09	MED7	9443	0.51	0.44	-3.1	0.48	280
20170627	12012	F12	CYCS	54205	0.74	0.72	-1.42	0.73	271.5
20170724	12015	J10	TUB	7275	0.72	0.57	-2.02	0.64	375.5
20170626	12010	L03	TAPBP	6892	0.53	0.48	-2.97	0.5	185.5
20170725	12041	H20	JAM2	58494	0.74	0.65	-1.62	0.7	368.5
20170523	12032	L11	SPANXD	64648	0.49	0.56	-2.83	0.52	320
20170523	12032	H20	SPANXE	171489	0.5	0.6	-2.63	0.55	334
20170529	12034	J03	APBB2	323	0.71	0.67	-1.69	0.69	415.5
20170717	12006	F14	AREG	374	0.7	0.75	-1.48	0.72	315
20170724	12015	N13	TXN2	25828	0.66	0.67	-1.89	0.66	384
20170718	12037	F16	DONSON	29980	0.63	0.72	-1.75	0.68	346.5
20170718	12007	I04	RAD51D	5892	0.73	0.72	-1.48	0.72	366
20170718	12003	L12	SIGMAR1	10280	0.64	0.73	-1.75	0.68	343.5
20170614	12055	K07	PSMB3	5691	0.39	0.35	-3.84	0.37	185
20170724	12015	J14	HLA-G	3135	0.59	0.48	-2.77	0.53	312
20170710	12045	H17	XAGE3	170626	0.62	0.74	-1.75	0.68	407.5
20170613	12052	K11	SIGLEC1	6614	0.69	0.73	-1.55	0.71	338.5
20170703	12018	J15	KPNB1	3837	0.35	0.33	-4.05	0.34	174
20170627	12012	H12	EIF3D	8664	0.41	0.58	-2.97	0.5	181
20170710	12044	M19	HMGN4	10473	0.46	0.52	-3.04	0.49	339
20170516	12024	L22	PSMD8	5714	0.38	0.38	-3.78	0.38	257
20170718	12037	F11	RASSF4	83937	0.61	0.74	-1.75	0.68	346.5
20170613	12050	E11	WIPF2	147179	0.67	0.51	-2.36	0.59	312.5
20170717	12004	H18	PPP2R1B	5519	0.75	0.71	-1.42	0.73	317.5
20170626	12010	N08	ILF2	3608	0.63	0.69	-1.89	0.66	241
20170703	12017	L16	RBBP9	10741	0.51	0.56	-2.7	0.54	287
20170613	12050	G17	C3orf35	339883	0.69	0.73	-1.55	0.71	370
20170718	12007	N16	KAT7	11143	0.67	0.65	-1.89	0.66	333
20170724	12019	N22	TFPI2	7980	0.48	0.46	-3.17	0.47	250
20170724	12013	C16	POU3F1	5453	0.6	0.62	-2.23	0.61	367.5
20170614	12057	A13	SPSB3	90864	0.62	0.74	-1.75	0.68	346
20170703	12018	L14	USPL1	10208	0.38	0.41	-3.64	0.4	200.5
20170613	12050	L11	SERINC2	347735	0.57	0.47	-2.83	0.52	274
20170717	12049	O20	FAM151A	338094	0.66	0.68	-1.82	0.67	337
20170523	12032	J06	SNRPB	6628	0.52	0.49	-2.97	0.5	309.5
20170522	12026	M03	IFNE	338376	0.7	0.61	-1.89	0.66	398
20170710	12045	N22	GMCL1	64395	0.69	0.72	-1.62	0.7	425.5
20170710	12045	H14	C3orf14	57415	0.68	0.65	-1.89	0.66	401.5
20170725	12053	B18	OAF	220323	0.65	0.74	-1.62	0.7	342
20170619	12001	K20	CAMK2N1	55450	0.51	0.47	-3.04	0.49	242
20170626	12009	B17	EMX2	2018	0.46	0.55	-2.97	0.5	168.5
20170710	12045	F15	COPB1	1315	0.3	0.32	-4.25	0.31	186.5
20170626	12009	C06	PRG2	5553	0.6	0.5	-2.63	0.55	184
20170725	12041	L06	ZFYVE19	84936	0.55	0.62	-2.43	0.58	307
20170725	12053	B20	MYLPF	29895	0.51	0.66	-2.43	0.58	288
20170704	12042	G17	ACTL9	284382	0.65	0.7	-1.75	0.68	350
20170725	12041	M17	KRTAP6-2	337967	0.54	0.53	-2.7	0.54	283.5
20170725	12053	D13	KRT73	319101	0.63	0.59	-2.23	0.61	301
20170613	12050	B09	ZNF678	339500	0.59	0.58	-2.43	0.58	306
20170530	12039	H18	C9orf79	286234	0.62	0.5	-2.56	0.56	313
20170613	12051	M13	C8orf31	286122	0.35	0.4	-3.78	0.38	195
20170710	12046	E07	LRIF1	55791	0.68	0.66	-1.82	0.67	436
20170613	12051	D17	YRDC	79693	0.65	0.63	-2.02	0.64	334.5
20170725	12053	I19	FAM126B	285172	0.73	0.5	-2.16	0.62	303
20170717	12006	K08	KCTD10	83892	0.72	0.59	-1.89	0.66	288.5
20170724	12015	N15	RNASE7	84659	0.67	0.6	-2.02	0.64	370
20170516	12022	P10	C19orf75	284369	0.5	0.65	-2.5	0.57	406
20170703	12017	K14	LEPREL2	10536	0.68	0.72	-1.62	0.7	377.5
20170529	12035	P03	ZMYND17	118490	0.65	0.72	-1.75	0.68	370.5
20170725	12041	F21	IGFN1	91156	0.5	0.68	-2.36	0.59	309.5
20170522	12027	H18	SF3A2	8175	0.65	0.61	-2.09	0.63	398
20170710	12047	L06	ZC3H18	124245	0.66	0.75	-1.62	0.7	436
20170710	12045	D13	DIEXF	27042	0.54	0.45	-2.97	0.5	299.5
20170710	12045	P17	FLJ90834	283135	0.73	0.75	-1.35	0.74	448.5
20170522	12029	C17	DKK3	27122	0.64	0.72	-1.75	0.68	403
20170718	12037	L17	HAUS6	54801	0.66	0.62	-2.02	0.64	329.5
20170710	12046	K17	C1orf115	79762	0.75	0.67	-1.55	0.71	464
20170725	12053	I11	C4orf26	152816	0.55	0.6	-2.5	0.57	282
20170530	12038	F17	C19orf28	126321	0.61	0.71	-1.89	0.66	373
20170530	12039	C14	FAM177A1	283635	0.47	0.61	-2.7	0.54	300.5
20170717	12006	M17	KCTD20	222658	0.67	0.73	-1.62	0.7	305.5
20170530	12039	J18	C22orf39	128977	0.75	0.73	-1.35	0.74	416
20170710	12045	F16	C4orf33	132321	0.67	0.63	-1.96	0.65	393
20170725	12041	F13	LSM11	134353	0.66	0.64	-1.96	0.65	345
20170717	12048	K16	FAM134C	162427	0.64	0.64	-2.02	0.64	356
20170613	12050	I13	ANKS6	203286	0.72	0.5	-2.23	0.61	323
20170614	12055	B06	GGTLC2	91227	0.66	0.75	-1.62	0.7	350
20170613	12052	E07	C1orf127	148345	0.67	0.71	-1.69	0.69	328
20170725	12053	P06	MTDH	92140	0.64	0.68	-1.89	0.66	325.5
20170725	12041	E13	CLVS1	157807	0.72	0.7	-1.55	0.71	377
20170725	12041	N10	CNKSR3	154043	0.71	0.5	-2.29	0.6	323.5
20170704	12020	N16	SFXN2	118980	0.35	0.48	-3.51	0.42	233.5
20170717	12049	K03	KNCN	148930	0.51	0.65	-2.43	0.58	291
20170614	12054	E07	C11orf68	83638	0.65	0.66	-1.89	0.66	343
20170710	12044	K22	KRTAP19-6	337973	0.63	0.71	-1.82	0.67	464
20170725	12041	K05	KRTAP20-2	337976	0.73	0.67	-1.62	0.7	369.5
20170718	12007	M21	ATP5B	506	0.61	0.45	-2.77	0.53	269.5
20170710	12044	J19	C2orf69	205327	0.64	0.74	-1.69	0.69	476.5
20170725	12053	H03	MFSD5	84975	0.6	0.65	-2.16	0.62	308
20170725	12053	J17	CABS1	85438	0.6	0.59	-2.29	0.6	293
20170703	12018	H17	TXNDC2	84203	0.74	0.58	-1.89	0.66	339.5
20170522	12027	H17	GLB1L2	89944	0.66	0.75	-1.62	0.7	447.5
20170718	12007	O16	TRMT2B	79979	0.73	0.61	-1.82	0.67	340.5
20170627	12012	I07	ZBTB16	7704	0.73	0.74	-1.35	0.74	273
20170613	12051	E03	TMEM159	57146	0.7	0.71	-1.62	0.7	369
20170530	12038	O22	NFAM1	150372	0.63	0.71	-1.82	0.67	378.5
20170710	12044	I14	LRPPRC	10128	0.55	0.49	-2.83	0.52	363
20170613	12050	P13	XXYLT1	152002	0.71	0.64	-1.75	0.68	352
20170718	12037	I03	C6orf162	57150	0.7	0.66	-1.75	0.68	349
20170724	12015	C15	TRIT1	54802	0.7	0.53	-2.16	0.62	362.5
20170710	12044	H04	BET1L	51272	0.69	0.69	-1.69	0.69	477.5
20170626	12008	P10	BCL6B	255877	0.73	0.71	-1.48	0.72	265.5
20170613	12050	P16	PLXNA4	91584	0.74	0.75	-1.35	0.74	389
20170725	12041	F03	C6orf10	10665	0.47	0.67	-2.5	0.57	296.5
20170703	12016	A04	MTIF3	219402	0.59	0.71	-1.96	0.65	373
20170724	12015	M07	RPN1	6184	0.58	0.61	-2.29	0.6	345
20170710	12045	O06	METTL2A	339175	0.73	0.73	-1.42	0.73	438.5
20170724	12013	H13	CD302	9936	0.73	0.67	-1.62	0.7	423
20170530	12039	F04	EPM2AIP1	9852	0.64	0.65	-2.02	0.64	361.5
20170718	12037	N16	LIN9	286826	0.72	0.65	-1.75	0.68	352.5
20170613	12051	M03	DPY19L4	286148	0.65	0.7	-1.75	0.68	352.5
20170717	12048	I06	C14orf177	283598	0.68	0.72	-1.62	0.7	387
20170627	12012	L16	CMBL	134147	0.72	0.72	-1.48	0.72	268
20170725	12041	P21	ZNF394	84124	0.63	0.72	-1.75	0.68	355.5
20170523	12030	F14	CRNKL1	51340	0.65	0.71	-1.75	0.68	399
20170529	12034	K14	LCE3A	353142	0.56	0.72	-2.02	0.64	383
20170704	12021	J06	LCE3C	353144	0.57	0.74	-1.89	0.66	332.5
20170627	12012	P16	SOX8	30812	0.72	0.66	-1.69	0.69	257.5
20170704	12042	A19	SNRPD3	6634	0.53	0.62	-2.5	0.57	295.5
20170718	12007	I03	PRDX5	25824	0.73	0.74	-1.35	0.74	369.5
20170530	12040	B17	PEX26	55670	0.68	0.7	-1.69	0.69	371
20170613	12051	N14	LINS	55180	0.72	0.71	-1.48	0.72	372.5
20170703	12016	L14	POMT2	29954	0.48	0.59	-2.77	0.53	306
20170627	12012	J14	EIF3B	8662	0.5	0.47	-3.1	0.48	182
20170725	12041	B03	LHX2	9355	0.51	0.66	-2.43	0.58	308
20170724	12015	I03	MTRF1	9617	0.65	0.72	-1.75	0.68	395
20170724	12019	J10	OAZ1	4946	0.6	0.59	-2.29	0.6	317
20170710	12045	J20	NCKAP1L	3071	0.75	0.75	-1.28	0.75	452
20170704	12020	K15	GRB2	2885	0.68	0.72	-1.62	0.7	402.5
20170724	12015	I15	ATP6V0D1	9114	0.57	0.63	-2.29	0.6	345.5
20170704	12021	K05	AQP2	359	0.72	0.75	-1.35	0.74	371.5
20170613	12051	J04	WDR78	79819	0.58	0.58	-2.43	0.58	302
20170516	12025	C03	CLN3	1201	0.69	0.7	-1.62	0.7	469.5
20170710	12047	P18	ISCA2	122961	0.68	0.75	-1.48	0.72	442.5
20170626	12011	N18	POU3F4	5456	0.5	0.5	-2.97	0.5	199.5
20170725	12053	J15	HNRNPA3	220988	0.71	0.73	-1.48	0.72	355.5
20170717	12006	F20	RHAG	6005	0.56	0.7	-2.09	0.63	271
20170530	12039	C18	CYP26C1	340665	0.63	0.71	-1.82	0.67	375.5
20170718	12007	H07	STAR	6770	0.59	0.56	-2.5	0.57	292
20170530	12040	B21	ZFPL1	7542	0.74	0.75	-1.35	0.74	402.5
20170516	12022	G11	UBC	7316	0.08	0.12	-5.67	0.1	71
20170725	12053	A14	GDPD5	81544	0.6	0.7	-1.96	0.65	319.5
20170516	12025	N06	KIRREL	55243	0.66	0.63	-2.02	0.64	435
20170626	12008	J19	MIOX	55586	0.4	0.34	-3.84	0.37	138
20170703	12018	J21	EIF4G1	1981	0.43	0.53	-3.1	0.48	242.5
20170725	12041	F14	LRRN1	57633	0.48	0.5	-3.04	0.49	259
20170627	12012	P03	KLC1	3831	0.63	0.6	-2.16	0.62	230
20170718	12033	P06	TIMELESS	8914	0.59	0.73	-1.89	0.66	306.5
20170724	12019	B07	SIX6	4990	0.55	0.65	-2.29	0.6	314.5
20170530	12039	K03	STX10	8677	0.62	0.59	-2.29	0.6	339.5
20170626	12010	E03	EIF3I	8668	0.45	0.43	-3.37	0.44	161
20170717	12006	H10	EIF3G	8666	0.5	0.48	-3.04	0.49	213.5
20170724	12014	M22	EIF3A	8661	0.26	0.28	-4.52	0.27	159.5
20170724	12013	G10	EIF3F	8665	0.59	0.68	-2.02	0.64	380.5
20170626	12010	O11	KLF7	8609	0.65	0.56	-2.29	0.6	222.5
20170529	12034	M21	PEX3	8504	0.62	0.67	-2.02	0.64	386.5
20170516	12022	I17	LSM5	23658	0.64	0.72	-1.75	0.68	482
20170704	12042	F04	SNRPF	6636	0.72	0.74	-1.42	0.73	379
20170516	12023	A12	SNRPA1	6627	0.52	0.56	-2.7	0.54	370.5
20170522	12027	B09	SNAPC4	6621	0.75	0.66	-1.62	0.7	449.5
20170725	12041	L08	PLEK	5341	0.63	0.66	-2.02	0.64	339
20170724	12019	I03	LRP3	4037	0.54	0.58	-2.56	0.56	296
20170626	12009	P21	CYB5A	1528	0.7	0.55	-2.16	0.62	208.5
20170724	12014	M04	MTX1	4580	0.54	0.59	-2.56	0.56	334.5
20170530	12040	C03	NCBP1	4686	0.7	0.7	-1.62	0.7	377.5
20170626	12008	N13	ZNF24	7572	0.61	0.75	-1.75	0.68	248
20170516	12022	M03	ZPBP	11055	0.75	0.73	-1.35	0.74	523.5
20170725	12053	F06	CLEC3B	7123	0.52	0.68	-2.29	0.6	293.5
20170710	12044	O13	HHLA3	11147	0.5	0.55	-2.83	0.52	363.5
20170703	12017	M12	CD160	11126	0.72	0.73	-1.48	0.72	391.5
20170725	12041	M13	WDHD1	11169	0.56	0.6	-2.43	0.58	306.5
20170530	12039	I20	SF3A3	10946	0.43	0.4	-3.51	0.42	232.5
20170724	12013	P12	GFI1B	8328	0.5	0.52	-2.9	0.51	305.5
20170710	12044	N13	PRPF3	9129	0.59	0.64	-2.16	0.62	427
20170522	12029	P21	SCAF11	9169	0.69	0.69	-1.69	0.69	407.5
20170718	12007	A10	ETF1	2107	0.69	0.69	-1.69	0.69	349
20170613	12050	A17	SNRNP40	9410	0.54	0.6	-2.5	0.57	294
20170522	12026	E13	LILRA1	11024	0.44	0.43	-3.37	0.44	266
20170626	12011	I07	EIF4E2	9470	0.71	0.49	-2.29	0.6	237
20170627	12012	O21	C16orf7	9605	0.72	0.64	-1.75	0.68	253
20170523	12032	B08	C21orf2	755	0.47	0.38	-3.51	0.42	259
20170703	12018	C11	GJB6	10804	0.67	0.72	-1.62	0.7	354
20170717	12048	C11	PWP2	5822	0.74	0.61	-1.75	0.68	374
20170529	12034	H14	CHAF1B	8208	0.61	0.55	-2.43	0.58	346.5
20170704	12042	L16	CHAF1A	10036	0.53	0.5	-2.83	0.52	268.5
20170724	12013	G03	APOBEC2	10930	0.57	0.66	-2.16	0.62	366.5
20170613	12050	O03	SH2B3	10019	0.71	0.59	-1.96	0.65	342.5
20170704	12021	J13	MED6	10001	0.71	0.65	-1.75	0.68	344.5
20170516	12025	P13	SH2D3C	10044	0.7	0.68	-1.69	0.69	465.5
20170614	12054	F06	CD180	4064	0.66	0.73	-1.62	0.7	365
20170724	12014	F13	SYT1	6857	0.7	0.67	-1.75	0.68	404.5
20170725	12053	D06	TUBA1B	10376	0.33	0.37	-3.98	0.35	173.5
20170704	12042	D20	MFAP1	4236	0.53	0.56	-2.63	0.55	280.5
20170703	12018	L20	NOP2	4839	0.58	0.69	-2.02	0.64	322
20170724	12013	J10	PIN4	5303	0.61	0.6	-2.29	0.6	364
20170704	12042	D16	RABAC1	10567	0.5	0.56	-2.77	0.53	273.5
20170704	12020	M18	HMG20B	10362	0.73	0.72	-1.48	0.72	416.5
20170724	12013	N10	ST6GALNAC2	10610	0.64	0.69	-1.89	0.66	398.5
20170725	12041	H14	TIMM23	10431	0.46	0.62	-2.7	0.54	282.5
20170725	12041	O15	ZNF192	7745	0.67	0.75	-1.55	0.71	374.5
20170704	12020	I09	EIF4A1	1973	0.45	0.63	-2.7	0.54	306.5
20170626	12011	A22	KNG1	3827	0.67	0.64	-1.89	0.66	259
20170710	12047	D12	C19orf56	51398	0.73	0.7	-1.48	0.72	444
20170724	12015	I19	EIF3K	27335	0.59	0.63	-2.23	0.61	352
20170718	12033	K03	SPINK4	27290	0.5	0.59	-2.7	0.54	255
20170725	12053	G07	TMEM186	25880	0.56	0.69	-2.16	0.62	306
20170614	12054	C07	C11orf51	25906	0.58	0.59	-2.43	0.58	307.5
20170613	12050	A13	CHMP2A	27243	0.1	0.11	-5.6	0.11	56.5
20170718	12033	P18	C14orf129	51527	0.56	0.69	-2.16	0.62	289.5
20170704	12021	P14	ARFIP1	27236	0.49	0.18	-4.05	0.34	172.5
20170725	12041	O18	GSDMB	55876	0.74	0.71	-1.48	0.72	382
20170613	12050	N21	FAM127B	26071	0.56	0.47	-2.83	0.52	269.5
20170522	12027	O21	DKK2	27123	0.71	0.71	-1.55	0.71	452
20170522	12028	I22	COPZ1	22818	0.64	0.6	-2.16	0.62	405
20170613	12051	P21	TAGLN3	29114	0.74	0.71	-1.48	0.72	379.5
20170710	12045	G06	KIR2DL5A	57292	0.71	0.68	-1.62	0.7	420.5
20170724	12013	K18	CNOT2	4848	0.58	0.65	-2.16	0.62	369.5
20170614	12054	O20	PRR16	51334	0.7	0.71	-1.62	0.7	371
20170530	12038	H20	RPH3A	22895	0.53	0.56	-2.63	0.55	309
20170614	12054	C16	GRHL1	29841	0.49	0.69	-2.36	0.59	308.5
20170626	12010	M03	GJC2	57165	0.52	0.51	-2.83	0.52	188
20170704	12020	L11	GNL2	29889	0.44	0.61	-2.83	0.52	300.5
20170725	12041	O09	CPSF1	29894	0.44	0.39	-3.51	0.42	219.5
20170614	12054	A08	ADNP2	22850	0.53	0.59	-2.56	0.56	293.5
20170627	12012	N03	ASH1L	55870	0.52	0.62	-2.5	0.57	211
20170704	12042	O14	FAM115A	9747	0.7	0.7	-1.62	0.7	364
20170703	12016	N11	ALLC	55821	0.66	0.75	-1.62	0.7	403
20170522	12027	A03	NGFRAP1	27018	0.49	0.6	-2.7	0.54	345.5
20170717	12049	D19	CCDC56	28958	0.68	0.74	-1.55	0.71	358.5
20170613	12050	H20	C22orf26	55267	0.71	0.7	-1.62	0.7	368.5
20170725	12041	J22	RBFOX2	23543	0.22	0.24	-4.79	0.23	121.5
20170725	12041	I13	NDE1	54820	0.22	0.21	-4.86	0.22	114
20170522	12027	O03	BSPRY	54836	0.64	0.68	-1.89	0.66	416.5
20170718	12037	L19	WDR91	29062	0.74	0.62	-1.75	0.68	351
20170704	12042	N03	PRDM8	56978	0.73	0.75	-1.35	0.74	382.5
20170725	12041	E08	GNG13	51764	0.5	0.56	-2.77	0.53	280.5
20170530	12039	N12	AHSP	51327	0.56	0.51	-2.7	0.54	299
20170718	12007	D05	EIF4A3	9775	0.38	0.4	-3.71	0.39	197.5
20170725	12041	E22	ATG13	9776	0.52	0.57	-2.7	0.54	287
20170529	12035	A14	NUP93	9688	0.74	0.67	-1.62	0.7	386
20170725	12053	E04	MKS1	54903	0.6	0.67	-2.02	0.64	314
20170703	12016	M09	BZW1	9689	0.75	0.72	-1.35	0.74	421
20170613	12051	M20	MCTP2	55784	0.72	0.6	-1.89	0.66	345.5
20170704	12021	I21	LZTS1	11178	0.53	0.57	-2.63	0.55	277.5
20170613	12050	F15	TRAT1	50852	0.71	0.54	-2.16	0.62	330
20170725	12041	O11	CNNM1	26507	0.66	0.61	-2.02	0.64	337
20170717	12049	O03	TMEM160	54958	0.74	0.73	-1.35	0.74	372.5
20170614	12054	E20	C4orf27	54969	0.65	0.64	-2.02	0.64	338.5
20170717	12006	M14	VDAC3	7419	0.75	0.71	-1.42	0.73	319.5
20170717	12004	N19	INPP5E	56623	0.72	0.69	-1.62	0.7	305.5
20170710	12046	B21	C17orf63	55731	0.51	0.67	-2.36	0.59	380
20170724	12014	N22	POLA1	5422	0.57	0.66	-2.16	0.62	362
20170703	12017	F16	IRF9	10379	0.64	0.66	-1.96	0.65	351
20170627	12012	D06	IRX4	50805	0.48	0.73	-2.29	0.6	221
20170725	12041	D09	EVL	51466	0.45	0.55	-2.97	0.5	263
20170704	12042	K10	KIAA0586	9786	0.63	0.75	-1.69	0.69	358
20170613	12050	J07	TTC22	55001	0.63	0.47	-2.63	0.55	291
20170724	12013	H22	TNNI3	7137	0.69	0.75	-1.48	0.72	433
20170613	12050	K16	C3orf32	51066	0.66	0.65	-1.89	0.66	341.5
20170717	12048	E21	YARS2	51067	0.58	0.55	-2.56	0.56	314.5
20170710	12045	I11	FCF1	51077	0.7	0.72	-1.55	0.71	428.5
20170613	12052	J05	CCDC41	51134	0.74	0.6	-1.82	0.67	321
20170725	12053	A10	CCDC72	51372	0.65	0.65	-1.96	0.65	319.5
20170627	12012	D20	SERPINA10	51156	0.68	0.64	-1.89	0.66	246.5
20170724	12013	F10	SLC4A1AP	22950	0.6	0.71	-1.89	0.66	392.5
20170516	12025	J16	SS18L2	51188	0.69	0.7	-1.62	0.7	469.5
20170613	12050	B15	SOBP	55084	0.58	0.53	-2.63	0.55	291.5
20170717	12006	G03	AVEN	57099	0.57	0.54	-2.63	0.55	240.5
20170614	12054	C08	TMEM51	55092	0.6	0.54	-2.5	0.57	301.5
20170710	12044	B13	COPZ2	51226	0.44	0.46	-3.31	0.45	312
20170613	12051	H18	TMEM85	51234	0.7	0.63	-1.89	0.66	348
20170516	12024	N10	SMU1	55234	0.3	0.34	-4.18	0.32	217.5
20170710	12045	B10	ANKZF1	55139	0.65	0.71	-1.75	0.68	407.5
20170613	12051	F15	HAUS2	55142	0.64	0.54	-2.36	0.59	310.5
20170522	12028	N04	CDCA8	55143	0.55	0.73	-2.02	0.64	415.5
20170725	12041	N03	MIOS	54468	0.59	0.61	-2.29	0.6	317
20170725	12041	C15	RBM22	55696	0.5	0.59	-2.7	0.54	286.5
20170627	12012	F03	GFOD1	54438	0.55	0.52	-2.7	0.54	200
20170725	12041	N19	KLHL21	9903	0.67	0.47	-2.5	0.57	304
20170522	12027	D03	TUFT1	7286	0.58	0.52	-2.63	0.55	350
20170614	12054	O14	UBAP2L	9898	0.62	0.56	-2.36	0.59	309
20170710	12044	J13	SNTG2	54221	0.69	0.67	-1.75	0.68	474.5
20170724	12014	C07	DDX46	9879	0.62	0.7	-1.89	0.66	386
20170626	12010	C18	TREM2	54209	0.61	0.65	-2.09	0.63	229.5
20170523	12030	O19	TOMM70A	9868	0.73	0.75	-1.35	0.74	431.5
20170725	12041	K07	PSMD6	9861	0.09	0.18	-5.4	0.14	69
20170530	12038	I15	EP400	57634	0.67	0.6	-2.02	0.64	362
20170613	12052	H15	REC8	9985	0.72	0.74	-1.42	0.73	346.5
20170725	12053	L15	PIK3IP1	113791	0.62	0.73	-1.75	0.68	331.5
20170725	12041	H15	PRB4	5545	0.62	0.75	-1.75	0.68	359
20170725	12053	P04	LARP6	55323	0.44	0.53	-3.1	0.48	240
20170718	12007	G10	CHSY1	22856	0.72	0.73	-1.48	0.72	366.5
20170626	12011	A15	PTGES2	80142	0.75	0.59	-1.82	0.67	264.5
20170522	12026	B13	HEMGN	55363	0.7	0.73	-1.48	0.72	436.5
20170725	12053	P22	CLEC4D	338339	0.37	0.43	-3.64	0.4	198.5
20170724	12013	I17	ATP1A4	480	0.7	0.65	-1.75	0.68	411
20170522	12026	I11	MBIP	51562	0.51	0.56	-2.7	0.54	327.5
20170613	12051	G17	CLINT1	9685	0.62	0.67	-2.02	0.64	335.5
20170718	12007	O18	AICDA	57379	0.7	0.58	-2.02	0.64	327
20170627	12012	O04	PHC2	1912	0.57	0.65	-2.23	0.61	225.5
20170725	12041	I21	AKNA	80709	0.63	0.58	-2.29	0.6	321.5
20170710	12044	L19	ZNF200	7752	0.71	0.71	-1.55	0.71	493.5
20170717	12006	I14	KCNIP4	80333	0.69	0.74	-1.48	0.72	309.5
20170725	12041	P16	PIGW	284098	0.63	0.7	-1.89	0.66	350.5
20170613	12050	L03	TREML4	285852	0.58	0.55	-2.56	0.56	294
20170530	12040	K03	SEC61B	10952	0.71	0.68	-1.62	0.7	376
20170725	12053	P11	LINGO4	339398	0.38	0.32	-3.98	0.35	171.5
20170725	12053	C09	MMACHC	25974	0.72	0.7	-1.55	0.71	351
20170725	12041	L15	SIPA1L2	57568	0.53	0.6	-2.56	0.56	297
20170613	12050	P17	IBA57	200205	0.68	0.53	-2.29	0.6	317.5
20170703	12016	J07	FANCM	57697	0.42	0.48	-3.31	0.45	256.5
20170725	12053	E18	PROX2	283571	0.73	0.74	-1.35	0.74	362
20170710	12046	I19	FAM78B	149297	0.71	0.61	-1.89	0.66	429
20170717	12048	C12	C1orf100	200159	0.65	0.75	-1.62	0.7	387
20170710	12044	D12	AQR	9716	0.5	0.52	-2.9	0.51	352
20170613	12050	K22	KIAA1370	56204	0.65	0.71	-1.75	0.68	354.5
20170710	12044	M06	ZNF609	23060	0.62	0.66	-2.02	0.64	443
20170627	12012	J10	GLCE	26035	0.51	0.71	-2.23	0.61	223
20170725	12053	C08	RLTPR	146206	0.62	0.73	-1.75	0.68	331.5
20170725	12053	I20	IFT172	26160	0.44	0.5	-3.17	0.47	232.5
20170529	12034	M12	ARID5A	10865	0.68	0.73	-1.62	0.7	423
20170613	12051	J15	TUBA3E	112714	0.57	0.62	-2.29	0.6	309
20170718	12033	E03	SGSM2	9905	0.74	0.65	-1.62	0.7	326.5
20170529	12034	H17	CWC22	57703	0.47	0.59	-2.77	0.53	316.5
20170704	12042	P03	SPHKAP	80309	0.58	0.74	-1.89	0.66	340.5
20170717	12049	A21	CCDC144NL	339184	0.48	0.68	-2.43	0.58	287.5
20170522	12029	A17	SPIRE1	56907	0.73	0.75	-1.35	0.74	437.5
20170516	12023	I05	GRIP2	80852	0.7	0.7	-1.62	0.7	481.5
20170725	12053	J16	FAM69C	125704	0.59	0.59	-2.36	0.59	291.5
20170725	12053	O03	ZIK1	284307	0.67	0.69	-1.75	0.68	334.5
20170718	12003	L14	GPR125	166647	0.74	0.71	-1.48	0.72	364
20170710	12046	H11	PLCXD3	345557	0.67	0.75	-1.55	0.71	458
20170614	12054	H03	TTLL8	164714	0.66	0.67	-1.89	0.66	348
20170704	12020	G22	NUDT10	170685	0.47	0.65	-2.56	0.56	318
20170704	12020	I15	CDY2B	203611	0.62	0.68	-1.96	0.65	374.5
20170724	12014	O13	HMGCLL1	54511	0.59	0.65	-2.16	0.62	363
20170725	12053	H17	NOM1	64434	0.55	0.44	-2.97	0.5	246
20170613	12050	G03	ZNF425	155054	0.7	0.57	-2.02	0.64	333
20170725	12041	C14	OR6B1	135946	0.6	0.56	-2.43	0.58	308.5
20170516	12025	J03	FAM40B	57464	0.73	0.74	-1.35	0.74	496
20170613	12050	K14	AGBL3	340351	0.63	0.48	-2.63	0.55	294
20170613	12051	D09	C8orf74	203076	0.66	0.56	-2.23	0.61	319
20170725	12053	M20	XKR4	114786	0.71	0.69	-1.62	0.7	345.5
20170710	12044	D11	NOXA1	10811	0.68	0.69	-1.75	0.68	479
20170516	12022	P03	ACER2	340485	0.61	0.71	-1.89	0.66	467
20170704	12042	K22	BDAG1	57653	0.52	0.71	-2.16	0.62	315
20170530	12040	M03	OR13F1	138805	0.56	0.51	-2.7	0.54	288.5
20170725	12041	N07	C9orf117	286207	0.62	0.68	-1.96	0.65	342.5
20170710	12045	N21	ZNF484	83744	0.64	0.74	-1.69	0.69	417.5
20170710	12044	B10	KNDC1	85442	0.68	0.7	-1.69	0.69	479.5
20170724	12014	C08	DNA2	1763	0.55	0.63	-2.36	0.59	347
20170522	12028	P03	ROBO3	64221	0.61	0.69	-1.96	0.65	422.5
20170704	12043	N03	MPZL3	196264	0.66	0.63	-2.02	0.64	322.5
20170522	12026	H11	SF3B2	10992	0.57	0.73	-1.96	0.65	394.5
20170725	12053	D22	ZDHHC24	254359	0.71	0.62	-1.89	0.66	328.5
20170522	12027	P17	OR5L1	219437	0.73	0.73	-1.42	0.73	463.5
20170530	12038	A18	OR4D6	219983	0.61	0.72	-1.89	0.66	377
20170725	12041	H08	OR10A2	341276	0.37	0.46	-3.51	0.42	219.5
20170717	12048	M18	DBX1	120237	0.74	0.65	-1.62	0.7	386.5
20170530	12039	N11	OR6C3	254786	0.62	0.58	-2.29	0.6	335
20170717	12048	M20	DPPA3	359787	0.66	0.61	-2.02	0.64	351.5
20170724	12013	N18	ALG3	10195	0.53	0.48	-2.97	0.5	306
20170725	12041	I07	CASC1	55259	0.58	0.52	-2.63	0.55	292
20170725	12041	E11	C7orf55	154791	0.43	0.55	-3.04	0.49	258
20170725	12053	M08	FAM83H	286077	0.43	0.46	-3.37	0.44	219.5
20170725	12041	C22	MXRA7	439921	0.74	0.59	-1.89	0.66	354.5
20170725	12041	N12	FAM179A	165186	0.62	0.56	-2.36	0.59	313.5
20170725	12041	I04	PRAP1	118471	0.52	0.55	-2.7	0.54	282.5
20170724	12013	E21	ATP11C	286410	0.52	0.62	-2.5	0.57	342.5
20170613	12051	G03	FAM120AOS	158293	0.71	0.72	-1.48	0.72	372.5
20170718	12033	N10	NANOS1	340719	0.71	0.75	-1.42	0.73	339.5
20170725	12041	H21	CORT	1325	0.7	0.66	-1.75	0.68	359
20170613	12050	O18	FAM86A	196483	0.73	0.46	-2.29	0.6	315
20170718	12037	M16	OR2M4	26245	0.74	0.74	-1.35	0.74	380
20170710	12044	B15	OR2L2	26246	0.51	0.61	-2.56	0.56	389.5
20170717	12048	P09	AHDC1	27245	0.67	0.75	-1.55	0.71	393
20170710	12046	O21	C1orf53	388722	0.65	0.63	-2.02	0.64	415.5
20170613	12051	P03	C2orf71	388939	0.65	0.5	-2.5	0.57	303
20170530	12039	F18	SP5	389058	0.69	0.75	-1.48	0.72	402
20170704	12042	D19	OR5K1	26339	0.59	0.68	-2.02	0.64	328
20170710	12045	E16	KIAA0408	9729	0.73	0.7	-1.48	0.72	431
20170710	12044	I03	TMEM8C	389827	0.56	0.73	-2.02	0.64	443.5
20170530	12040	G03	OR1L6	392390	0.72	0.71	-1.48	0.72	385
20170725	12053	B15	C10orf120	399814	0.54	0.7	-2.16	0.62	306.5
20170725	12041	G06	AKR1CL1	340811	0.72	0.64	-1.75	0.68	359.5
20170725	12041	A12	OR6X1	390260	0.51	0.62	-2.56	0.56	296.5
20170725	12053	L06	IFITM5	387733	0.74	0.7	-1.48	0.72	354.5
20170530	12038	H13	OR51T1	401665	0.69	0.71	-1.62	0.7	397.5
20170530	12038	G06	OR51Q1	390061	0.62	0.66	-2.02	0.64	364.5
20170530	12040	M05	SRSF3	6428	0.58	0.62	-2.29	0.6	324.5
20170725	12041	K14	SHISA2	387914	0.55	0.57	-2.56	0.56	295.5
20170613	12050	O16	LIN52	91750	0.47	0.52	-2.97	0.5	256
20170626	12008	K10	ASPG	374569	0.72	0.7	-1.55	0.71	262.5
20170725	12041	A15	PRR25	388199	0.59	0.61	-2.29	0.6	318
20170710	12045	P21	ZNF772	400720	0.73	0.64	-1.75	0.68	413.5
20170725	12041	N06	C19orf29	58509	0.45	0.43	-3.37	0.44	233
20170614	12054	N13	VMAC	400673	0.65	0.6	-2.16	0.62	327.5
20170613	12051	E14	NWD1	284434	0.69	0.63	-1.89	0.66	345.5
20170710	12044	D14	PRX	57716	0.51	0.65	-2.43	0.58	402.5
20170710	12044	N09	MGC50722	399693	0.75	0.72	-1.35	0.74	514
20170522	12027	K22	KCTD8	386617	0.74	0.65	-1.62	0.7	440.5
20170725	12053	C17	HDDC3	374659	0.63	0.61	-2.16	0.62	306.5
20170613	12051	I03	LSG1	55341	0.61	0.67	-2.02	0.64	334.5
20170614	12057	G03	FBXL19	54620	0.65	0.68	-1.89	0.66	338
20170725	12053	D12	C15orf39	56905	0.64	0.64	-2.02	0.64	314
20170725	12041	J10	COL18A1-AS1	378832	0.52	0.6	-2.56	0.56	295
20170725	12041	E16	LCN15	389812	0.68	0.67	-1.75	0.68	357
20170725	12041	G12	C6orf201	404220	0.65	0.71	-1.75	0.68	358.5
20170626	12008	F03	SETD8	387893	0.42	0.61	-2.83	0.52	186
20170725	12053	N03	KRTAP26-1	388818	0.53	0.4	-3.24	0.46	229
20170724	12019	G11	FAHD2A	51011	0.6	0.59	-2.29	0.6	314.5
20170725	12053	J12	KRTAP10-2	386679	0.68	0.72	-1.62	0.7	346
20170725	12041	O17	MAU2	23383	0.37	0.38	-3.78	0.38	199.5
20170522	12027	A17	OSTN	344901	0.44	0.67	-2.56	0.56	352
20170725	12041	C17	CLEC17A	388512	0.5	0.71	-2.29	0.6	317
20170717	12049	P15	FOXI2	399823	0.52	0.73	-2.16	0.62	312
20170724	12015	O21	PADI6	353238	0.52	0.61	-2.56	0.56	324
20170614	12054	K16	C9orf139	401563	0.7	0.74	-1.48	0.72	380.5
20170710	12044	O14	BNC2	54796	0.68	0.74	-1.55	0.71	491.5
20170613	12051	B19	REEP3	221035	0.71	0.75	-1.42	0.73	381.5
20170522	12027	P03	LCN10	414332	0.75	0.6	-1.75	0.68	430.5
20170613	12050	N08	DBX2	440097	0.69	0.72	-1.62	0.7	366.5
20170725	12041	D16	OR4A16	81327	0.66	0.58	-2.16	0.62	328.5
20170613	12051	C20	COX4NB	10328	0.62	0.63	-2.16	0.62	327.5
20170725	12041	M15	OR14J1	442191	0.57	0.65	-2.23	0.61	322
20170614	12054	H13	LYSMD1	388695	0.57	0.71	-2.02	0.64	336
20170614	12057	M03	ASB18	401036	0.48	0.66	-2.5	0.57	290.5
20170717	12049	P11	CCDC103	388389	0.5	0.6	-2.63	0.55	275.5
20170725	12041	L11	HSN2	378465	0.49	0.47	-3.1	0.48	254
20170530	12039	G17	CHCHD10	400916	0.65	0.72	-1.75	0.68	382
20170725	12041	J09	AMY1B	277	0.71	0.71	-1.55	0.71	377.5
20170725	12041	E10	OR10W1	81341	0.42	0.51	-3.24	0.46	245
20170725	12041	G22	C2orf76	130355	0.23	0.47	-3.98	0.35	181.5
20170718	12037	M12	EME2	197342	0.75	0.55	-1.96	0.65	335
20170530	12039	N20	DEFB113	245927	0.65	0.61	-2.09	0.63	352.5
20170703	12016	C18	EIF4E3	317649	0.62	0.65	-2.02	0.64	362
20170530	12038	P16	C9orf128	392307	0.53	0.73	-2.09	0.63	356
20170725	12041	D13	MRC1L1	414308	0.6	0.61	-2.29	0.6	319.5
20170522	12027	B12	MZT1	440145	0.59	0.63	-2.23	0.61	387
20170710	12044	F16	NBPF10	440673	0.72	0.73	-1.48	0.72	506.5
20170710	12046	I14	KPRP	448834	0.44	0.6	-2.83	0.52	334
20170725	12041	P12	EID3	493861	0.5	0.72	-2.23	0.61	317.5
20170613	12050	M10	SPANXN2	494119	0.72	0.7	-1.55	0.71	370
20170613	12051	J07	HIST2H4B	554313	0.65	0.66	-1.89	0.66	343
20170613	12051	F17	FABP9	646480	0.66	0.67	-1.89	0.66	347
20170725	12053	K20	C2orf84	653140	0.56	0.49	-2.83	0.52	258.5
20170522	12028	K19	RPL19P9	653314	0.35	0.42	-3.78	0.38	251.5
20170725	12041	E15	AGAP7	653268	0.44	0.57	-2.97	0.5	266
20170522	12027	K15	SPANXA2	728712	0.49	0.42	-3.31	0.45	289
20170614	12057	E21	RAB40AL	282808	0.74	0.75	-1.35	0.74	380
