screen_run	plate	well	entrez_gene_name	entrez_gene_ID	REP1_cell_count_normalised_to_OTP	REP2_cell_count_normalised_to_OTP	average_cell_count_normalised_to_OTP_robust_z_scored	average_cell_count_normalised_to_OTP	average_cell_count
20170613	12052	P02	siPLK1	5347	0.14	0.14	-5.4	0.14	67.5
20170703	12018	C23	KIF11	3832	0.2	0.29	-4.72	0.24	123
20170710	12047	L23	siPLK1	5347	0.13	0.11	-5.53	0.12	74.5
20170613	12050	C02	siPLK1	5347	0.14	0.16	-5.33	0.15	79
20170529	12034	H02	siPLK1	5347	0.25	0.32	-4.38	0.29	170.5
20170619	12002	K23	KIF11	3832	0.26	0.2	-4.79	0.23	121
20170613	12050	C23	KIF11	3832	0.23	0.24	-4.72	0.24	123.5
20170529	12034	I02	KIF11	3832	0.25	0.39	-4.18	0.32	192.5
20170718	12037	F23	siPLK1	5347	0.21	0.12	-5.26	0.16	85.5
20170619	12002	L23	siPLK1	5347	0.14	0.13	-5.4	0.14	73
20170516	12022	C02	siPLK1	5347	0.1	0.14	-5.53	0.12	83.5
20170523	12030	K23	KIF11	3832	0.2	0.32	-4.59	0.26	148
20170516	12022	C23	KIF11	3832	0.22	0.21	-4.86	0.22	153.5
20170614	12054	C02	siPLK1	5347	0.1	0.12	-5.6	0.11	59
20170703	12018	F23	siPLK1	5347	0.12	0.14	-5.46	0.13	66
20170523	12030	L23	siPLK1	5347	0.15	0.23	-5.06	0.19	110.5
20170718	12037	H23	KIF11	3832	0.32	0.25	-4.38	0.29	147.5
20170523	12030	N02	KIF11	3832	0.26	0.4	-4.11	0.33	191
20170613	12050	F23	siPLK1	5347	0.11	0.13	-5.53	0.12	62
20170703	12018	H23	KIF11	3832	0.23	0.25	-4.72	0.24	120.5
20170523	12030	O01	untransfected	-1	0.69	1.24	0.13	0.96	549.5
20170613	12050	H02	siPLK1	5347	0.1	0.14	-5.53	0.12	60
20170516	12022	F23	siPLK1	5347	0.09	0.1	-5.67	0.1	66
20170523	12030	P01	untransfected	-1	0.34	1.08	-1.55	0.71	394
20170523	12030	P02	siPLK1	5347	0.15	0.17	-5.26	0.16	94
20170613	12050	H23	KIF11	3832	0.19	0.27	-4.79	0.23	119
20170613	12050	I02	KIF11	3832	0.19	0.24	-4.86	0.22	110.5
20170529	12034	N02	KIF11	3832	0.26	0.29	-4.45	0.28	163
20170718	12037	K23	KIF11	3832	0.29	0.23	-4.59	0.26	133
20170516	12022	H02	siPLK1	5347	0.1	0.08	-5.73	0.09	62
20170613	12050	I24	mock	-1	0.97	0.65	-0.88	0.81	427
20170516	12022	H23	KIF11	3832	0.16	0.22	-5.06	0.19	132.5
20170516	12022	I02	KIF11	3832	0.24	0.28	-4.59	0.26	185
20170614	12054	H02	siPLK1	5347	0.13	0.1	-5.53	0.12	61
20170703	12018	K23	KIF11	3832	0.27	0.24	-4.59	0.26	129.5
20170529	12034	P02	siPLK1	5347	0.12	0.23	-5.13	0.18	104
20170619	12058	C23	KIF11	3832	0.21	0.22	-4.86	0.22	107.5
20170614	12054	I02	KIF11	3832	0.23	0.21	-4.86	0.22	115
20170523	12031	C02	siPLK1	5347	0.15	0.2	-5.13	0.18	96
20170613	12050	K23	KIF11	3832	0.24	0.26	-4.65	0.25	129.5
20170516	12022	J23	OTP	-1	0.72	0.97	-0.67	0.84	595
20170523	12031	C23	KIF11	3832	0.22	0.23	-4.86	0.22	125
20170717	12004	F23	siPLK1	5347	0.12	0.16	-5.4	0.14	61
20170613	12050	L23	siPLK1	5347	0.13	0.16	-5.33	0.15	76.5
20170613	12050	L24	mock	-1	0.72	1.04	-0.4	0.88	453.5
20170516	12022	K23	KIF11	3832	0.18	0.2	-5.06	0.19	136.5
20170613	12050	N02	KIF11	3832	0.24	0.23	-4.72	0.24	122.5
20170529	12035	C02	siPLK1	5347	0.16	0.3	-4.79	0.23	122
20170619	12058	F23	siPLK1	5347	0.13	0.13	-5.46	0.13	64.5
20170516	12022	L23	siPLK1	5347	0.1	0.14	-5.53	0.12	85.5
20170717	12004	H23	KIF11	3832	0.28	0.24	-4.59	0.26	114
20170613	12050	N24	mock	-1	0.75	0.92	-0.67	0.84	432.5
20170516	12022	N02	KIF11	3832	0.14	0.22	-5.13	0.18	127
20170523	12031	F23	siPLK1	5347	0.15	0.19	-5.19	0.17	94
20170516	12025	K23	KIF11	3832	0.23	0.31	-4.52	0.27	183.5
20170613	12050	P02	siPLK1	5347	0.14	0.12	-5.46	0.13	69
20170619	12058	H23	KIF11	3832	0.23	0.21	-4.86	0.22	111
20170516	12022	N24	mock	-1	0.71	0.94	-0.81	0.82	580
20170614	12054	N02	KIF11	3832	0.21	0.18	-4.99	0.2	102
20170523	12031	H02	siPLK1	5347	0.22	0.3	-4.59	0.26	142.5
20170516	12025	L23	siPLK1	5347	0.2	0.35	-4.45	0.28	186
20170724	12013	C23	KIF11	3832	0.2	0.22	-4.92	0.21	126
20170516	12022	P02	siPLK1	5347	0.1	0.13	-5.53	0.12	81
20170523	12031	H23	KIF11	3832	0.32	0.38	-3.98	0.35	190.5
20170523	12031	I02	KIF11	3832	0.32	0.44	-3.78	0.38	207
20170614	12054	P02	siPLK1	5347	0.12	0.12	-5.53	0.12	64.5
20170704	12020	C23	KIF11	3832	0.2	0.24	-4.86	0.22	125
20170717	12004	L23	siPLK1	5347	0.11	0.1	-5.6	0.11	45.5
20170613	12051	C02	siPLK1	5347	0.13	0.13	-5.46	0.13	69
20170529	12035	H02	siPLK1	5347	0.27	0.45	-3.91	0.36	192
20170619	12058	K23	KIF11	3832	0.2	0.27	-4.72	0.24	117.5
20170613	12051	C23	KIF11	3832	0.23	0.22	-4.86	0.22	117
20170529	12035	I02	KIF11	3832	0.25	0.42	-4.05	0.34	178.5
20170619	12058	L23	siPLK1	5347	0.13	0.13	-5.46	0.13	66.5
20170516	12023	C02	siPLK1	5347	0.11	0.13	-5.53	0.12	79
20170523	12031	K23	KIF11	3832	0.23	0.35	-4.38	0.29	158.5
20170516	12023	C23	KIF11	3832	0.17	0.22	-4.99	0.2	133.5
20170523	12031	L23	siPLK1	5347	0.17	0.31	-4.72	0.24	130.5
20170523	12031	M02	OTP	-1	0.75	0.97	-0.54	0.86	470.5
20170523	12031	N02	KIF11	3832	0.27	0.37	-4.18	0.32	174.5
20170613	12051	F23	siPLK1	5347	0.11	0.1	-5.6	0.11	55
20170516	12023	E23	mock	-1	1.07	0.74	-0.27	0.9	623
20170522	12026	C23	KIF11	3832	0.2	0.21	-4.99	0.2	126.5
20170613	12051	H02	siPLK1	5347	0.11	0.11	-5.6	0.11	56
20170516	12023	F23	siPLK1	5347	0.12	0.14	-5.46	0.13	89.5
20170523	12031	P02	siPLK1	5347	0.14	0.15	-5.33	0.15	78
20170613	12051	H23	KIF11	3832	0.17	0.23	-4.99	0.2	103.5
20170613	12051	I02	KIF11	3832	0.23	0.25	-4.72	0.24	123.5
20170529	12035	N02	KIF11	3832	0.2	0.48	-4.05	0.34	178
20170724	12013	K23	KIF11	3832	0.15	0.21	-5.13	0.18	109
20170516	12023	H02	siPLK1	5347	0.14	0.13	-5.4	0.14	91
20170717	12005	C23	KIF11	3832	0.19	0.23	-4.92	0.21	126
20170724	12013	L23	siPLK1	5347	0.1	0.06	-5.8	0.08	49.5
20170516	12023	H23	KIF11	3832	0.2	0.2	-4.99	0.2	138
20170516	12023	I02	KIF11	3832	0.18	0.22	-4.99	0.2	136
20170614	12055	H02	siPLK1	5347	0.12	0.12	-5.53	0.12	59
20170704	12020	K23	KIF11	3832	0.22	0.24	-4.79	0.23	132
20170522	12026	F23	siPLK1	5347	0.09	0.12	-5.67	0.1	64.5
20170626	12008	C23	KIF11	3832	0.33	0.29	-4.25	0.31	116
20170704	12020	L23	siPLK1	5347	0.1	0.12	-5.6	0.11	61.5
20170523	12032	C02	siPLK1	5347	0.16	0.23	-4.99	0.2	118
20170613	12051	K23	KIF11	3832	0.18	0.17	-5.13	0.18	89.5
20170613	12051	L01	untransfected	-1	0.98	0.75	-0.54	0.86	453.5
20170529	12036	A01	untransfected	-1	0.26	1.13	-1.62	0.7	369.5
20170724	12013	N23	LIPA	3988	0.74	1.03	-0.4	0.88	528
20170523	12032	C23	KIF11	3832	0.3	0.29	-4.32	0.3	179
20170522	12026	H23	KIF11	3832	0.23	0.25	-4.72	0.24	145.5
20170717	12005	F23	siPLK1	5347	0.11	0.1	-5.6	0.11	66
20170613	12051	L23	siPLK1	5347	0.1	0.11	-5.6	0.11	54.5
20170529	12036	B01	untransfected	-1	0.71	1	-0.54	0.86	463.5
20170516	12023	K23	KIF11	3832	0.19	0.23	-4.92	0.21	146
20170613	12051	M24	mock	-1	0.94	0.74	-0.67	0.84	442
20170613	12051	N02	KIF11	3832	0.16	0.22	-5.06	0.19	100.5
20170529	12036	C02	siPLK1	5347	0.19	0.5	-4.05	0.34	185
20170626	12008	F23	siPLK1	5347	0.19	0.25	-4.86	0.22	79
20170516	12023	L23	siPLK1	5347	0.13	0.14	-5.4	0.14	92
20170717	12005	H23	KIF11	3832	0.2	0.26	-4.79	0.23	137.5
20170516	12023	N02	KIF11	3832	0.18	0.13	-5.26	0.16	107
20170523	12032	F23	siPLK1	5347	0.2	0.19	-4.99	0.2	117.5
20170613	12051	P02	siPLK1	5347	0.15	0.14	-5.33	0.15	76.5
20170626	12008	H23	KIF11	3832	0.37	0.35	-3.91	0.36	132.5
20170614	12055	N02	KIF11	3832	0.17	0.14	-5.26	0.16	77.5
20170523	12032	H02	siPLK1	5347	0.2	0.33	-4.59	0.26	160.5
20170522	12026	L23	siPLK1	5347	0.13	0.2	-5.26	0.16	100
20170724	12014	C23	KIF11	3832	0.17	0.13	-5.33	0.15	91
20170516	12023	P02	siPLK1	5347	0.11	0.11	-5.6	0.11	73
20170523	12032	H23	KIF11	3832	0.29	0.38	-4.05	0.34	204.5
20170523	12032	H24	mock	-1	1.02	0.68	-0.61	0.85	516.5
20170523	12032	I02	KIF11	3832	0.25	0.44	-4.05	0.34	211.5
20170717	12005	K23	KIF11	3832	0.31	0.28	-4.32	0.3	180
20170614	12055	P02	siPLK1	5347	0.13	0.14	-5.4	0.14	68.5
20170704	12021	C23	KIF11	3832	0.23	0.25	-4.72	0.24	120
20170717	12005	L23	siPLK1	5347	0.08	0.18	-5.46	0.13	78.5
20170613	12052	C02	siPLK1	5347	0.15	0.2	-5.13	0.18	81.5
20170626	12008	K23	KIF11	3832	0.34	0.32	-4.11	0.33	121.5
20170523	12032	K01	untransfected	-1	0.73	0.86	-0.94	0.8	486
20170613	12052	C23	KIF11	3832	0.29	0.26	-4.45	0.28	131.5
20170529	12036	I02	KIF11	3832	0.29	0.41	-3.98	0.35	191
20170724	12014	F23	siPLK1	5347	0.09	0.11	-5.67	0.1	58.5
20170626	12008	L23	siPLK1	5347	0.2	0.22	-4.92	0.21	77.5
20170516	12024	C02	siPLK1	5347	0.15	0.21	-5.13	0.18	121.5
20170523	12032	K23	KIF11	3832	0.27	0.31	-4.38	0.29	176
20170724	12014	G23	OTP	-1	0.75	0.99	-0.47	0.87	507
20170516	12024	C23	KIF11	3832	0.17	0.21	-5.06	0.19	126
20170704	12021	F23	siPLK1	5347	0.12	0.11	-5.53	0.12	57
20170523	12032	L23	siPLK1	5347	0.21	0.4	-4.32	0.3	186.5
20170613	12052	F02	OTP	-1	0.73	0.99	-0.54	0.86	403.5
20170724	12014	H23	KIF11	3832	0.18	0.18	-5.13	0.18	105.5
20170523	12032	N02	KIF11	3832	0.34	0.39	-3.91	0.36	220.5
20170613	12052	F23	siPLK1	5347	0.15	0.14	-5.33	0.15	70.5
20170704	12021	H23	KIF11	3832	0.2	0.23	-4.86	0.22	110
20170523	12032	N23	LIPA	3988	1.01	0.74	-0.4	0.88	535.5
20170523	12032	N24	mock	-1	1.03	0.75	-0.34	0.89	544.5
20170522	12027	C23	KIF11	3832	0.22	0.24	-4.79	0.23	147
20170522	12027	D01	untransfected	-1	0.91	0.74	-0.81	0.82	524
20170613	12052	H02	siPLK1	5347	0.17	0.2	-5.13	0.18	88
20170516	12024	F23	siPLK1	5347	0.15	0.27	-4.92	0.21	142
20170523	12032	P02	siPLK1	5347	0.13	0.23	-5.13	0.18	108
20170613	12052	H23	KIF11	3832	0.26	0.34	-4.32	0.3	141.5
20170613	12052	I02	KIF11	3832	0.2	0.36	-4.45	0.28	130.5
20170529	12036	N02	KIF11	3832	0.41	0.42	-3.51	0.42	228
20170724	12014	K23	KIF11	3832	0.15	0.24	-4.99	0.2	114.5
20170516	12024	H02	siPLK1	5347	0.14	0.2	-5.19	0.17	115.5
20170717	12006	C23	KIF11	3832	0.21	0.2	-4.99	0.2	89
20170724	12014	L23	siPLK1	5347	0.08	0.1	-5.73	0.09	51
20170516	12024	H23	KIF11	3832	0.19	0.21	-4.99	0.2	134
20170516	12024	I02	KIF11	3832	0.28	0.28	-4.45	0.28	189
20170614	12056	H02	siPLK1	5347	0.15	0.11	-5.46	0.13	69
20170704	12021	K23	KIF11	3832	0.32	0.27	-4.32	0.3	151
20170522	12027	F23	siPLK1	5347	0.13	0.15	-5.4	0.14	89.5
20170529	12036	P02	siPLK1	5347	0.1	0.32	-4.92	0.21	113
20170626	12009	C23	KIF11	3832	0.27	0.35	-4.25	0.31	105
20170614	12056	I02	KIF11	3832	0.19	0.22	-4.99	0.2	106.5
20170704	12021	L23	siPLK1	5347	0.16	0.1	-5.46	0.13	66.5
20170529	12034	C02	siPLK1	5347	0.16	0.29	-4.86	0.22	132.5
20170522	12027	G23	OTP	-1	0.62	0.89	-1.21	0.76	478.5
20170613	12052	K23	KIF11	3832	0.25	0.27	-4.59	0.26	124.5
20170613	12052	L01	untransfected	-1	0.72	1.02	-0.47	0.87	408
20170614	12056	J01	untransfected	-1	1.04	0.44	-1.35	0.74	386
20170529	12034	C23	KIF11	3832	0.26	0.26	-4.59	0.26	157
20170522	12027	H23	KIF11	3832	0.23	0.21	-4.86	0.22	142.5
20170717	12006	F23	siPLK1	5347	0.14	0.15	-5.33	0.15	63.5
20170613	12052	L23	siPLK1	5347	0.16	0.17	-5.26	0.16	78.5
20170613	12052	M02	OTP	-1	0.86	0.69	-1.15	0.77	371.5
20170516	12024	K23	KIF11	3832	0.24	0.27	-4.59	0.26	173
20170613	12052	N02	KIF11	3832	0.27	0.23	-4.65	0.25	120.5
20170530	12038	C02	siPLK1	5347	0.11	0.09	-5.67	0.1	55.5
20170626	12009	F23	siPLK1	5347	0.22	0.2	-4.92	0.21	70.5
20170516	12024	L23	siPLK1	5347	0.13	0.19	-5.26	0.16	107
20170717	12006	H23	KIF11	3832	0.2	0.22	-4.92	0.21	91
20170516	12024	N02	KIF11	3832	0.23	0.24	-4.72	0.24	160
20170529	12034	F23	siPLK1	5347	0.13	0.21	-5.19	0.17	101.5
20170522	12027	K23	KIF11	3832	0.26	0.33	-4.32	0.3	188
20170626	12009	H23	KIF11	3832	0.28	0.33	-4.25	0.31	103.5
20170614	12056	N02	KIF11	3832	0.2	0.17	-5.13	0.18	98
20170627	12012	F23	siPLK1	5347	0.21	0.18	-4.99	0.2	73
20170522	12027	L23	siPLK1	5347	0.15	0.26	-4.99	0.2	130.5
20170724	12015	C23	KIF11	3832	0.21	0.19	-4.99	0.2	115.5
20170516	12024	P02	siPLK1	5347	0.08	0.13	-5.6	0.11	72.5
20170529	12034	H23	KIF11	3832	0.21	0.33	-4.52	0.27	163
20170717	12006	K23	KIF11	3832	0.22	0.2	-4.92	0.21	93
20170530	12038	F23	siPLK1	5347	0.1	0.11	-5.6	0.11	59.5
20170614	12056	P02	siPLK1	5347	0.14	0.1	-5.53	0.12	63.5
20170704	12042	C23	KIF11	3832	0.26	0.26	-4.59	0.26	134
20170627	12012	H23	KIF11	3832	0.32	0.28	-4.32	0.3	113.5
20170717	12006	L23	siPLK1	5347	0.1	0.11	-5.6	0.11	45
20170530	12038	H02	siPLK1	5347	0.1	0.12	-5.6	0.11	64
20170626	12009	K23	KIF11	3832	0.3	0.3	-4.32	0.3	101
20170725	12053	C23	KIF11	3832	0.24	0.2	-4.86	0.22	110
20170522	12027	P01	untransfected	-1	0.72	1.25	0.27	0.98	626.5
20170614	12054	C23	KIF11	3832	0.23	0.21	-4.86	0.22	114.5
20170530	12038	H23	KIF11	3832	0.21	0.19	-4.99	0.2	114.5
20170530	12038	I02	KIF11	3832	0.22	0.2	-4.92	0.21	119.5
20170626	12009	L23	siPLK1	5347	0.16	0.18	-5.19	0.17	55.5
20170718	12003	K23	KIF11	3832	0.24	0.28	-4.59	0.26	131
20170516	12025	C02	siPLK1	5347	0.15	0.18	-5.26	0.16	110
20170529	12034	K23	KIF11	3832	0.26	0.29	-4.45	0.28	166
20170710	12045	C23	KIF11	3832	0.2	0.2	-4.99	0.2	123
20170516	12025	C23	KIF11	3832	0.17	0.24	-4.99	0.2	138.5
20170718	12003	L23	siPLK1	5347	0.12	0.16	-5.4	0.14	68.5
20170614	12057	C02	siPLK1	5347	0.11	0.15	-5.46	0.13	65
20170704	12042	F23	siPLK1	5347	0.14	0.12	-5.46	0.13	69
20170529	12034	L23	siPLK1	5347	0.15	0.3	-4.86	0.22	134
20170627	12012	K23	KIF11	3832	0.33	0.31	-4.18	0.32	118.5
20170614	12057	C23	KIF11	3832	0.2	0.23	-4.86	0.22	110
20170725	12053	F23	siPLK1	5347	0.1	0.1	-5.67	0.1	48
20170627	12012	L23	siPLK1	5347	0.17	0.19	-5.13	0.18	66.5
20170614	12054	F23	siPLK1	5347	0.12	0.12	-5.53	0.12	63.5
20170530	12038	K23	KIF11	3832	0.18	0.24	-4.92	0.21	118.5
20170704	12042	H23	KIF11	3832	0.26	0.22	-4.72	0.24	123
20170522	12028	C23	KIF11	3832	0.23	0.22	-4.86	0.22	145.5
20170710	12045	F23	siPLK1	5347	0.09	0.13	-5.6	0.11	68
20170530	12038	L23	siPLK1	5347	0.13	0.15	-5.4	0.14	78
20170516	12025	F23	siPLK1	5347	0.14	0.28	-4.92	0.21	139
20170725	12053	H23	KIF11	3832	0.25	0.21	-4.79	0.23	114
20170614	12054	H23	KIF11	3832	0.21	0.18	-4.99	0.2	100.5
20170530	12038	N02	KIF11	3832	0.22	0.15	-5.13	0.18	106
20170724	12015	K23	KIF11	3832	0.2	0.21	-4.99	0.2	120
20170614	12057	F23	siPLK1	5347	0.16	0.12	-5.4	0.14	73.5
20170516	12025	H02	siPLK1	5347	0.15	0.25	-4.99	0.2	132
20170717	12048	C23	KIF11	3832	0.24	0.28	-4.59	0.26	146.5
20170516	12025	H23	KIF11	3832	0.14	0.32	-4.79	0.23	154
20170516	12025	I02	KIF11	3832	0.24	0.34	-4.38	0.29	195.5
20170614	12057	H02	siPLK1	5347	0.13	0.18	-5.26	0.16	77.5
20170522	12028	F23	siPLK1	5347	0.31	0.28	-4.32	0.3	193
20170530	12038	O24	mock	-1	0.87	0.74	-0.94	0.8	458.5
20170530	12038	P02	siPLK1	5347	0.07	0.09	-5.8	0.08	44.5
20170626	12010	C23	KIF11	3832	0.3	0.34	-4.18	0.32	115.5
20170614	12057	H23	KIF11	3832	0.26	0.2	-4.79	0.23	117.5
20170614	12057	I01	untransfected	-1	0.67	0.86	-1.21	0.76	391
20170614	12057	I02	KIF11	3832	0.21	0.21	-4.92	0.21	108
20170704	12042	L23	siPLK1	5347	0.13	0.12	-5.53	0.12	67
20170614	12054	K23	KIF11	3832	0.24	0.19	-4.86	0.22	114.5
20170529	12035	C23	KIF11	3832	0.18	0.36	-4.52	0.27	142
20170725	12053	L23	siPLK1	5347	0.08	0.11	-5.67	0.1	46
20170522	12028	H23	KIF11	3832	0.25	0.3	-4.45	0.28	176.5
20170614	12054	L23	siPLK1	5347	0.1	0.13	-5.53	0.12	60
20170614	12057	J23	OTP	-1	0.69	1.07	-0.4	0.88	446.5
20170703	12016	C23	KIF11	3832	0.26	0.19	-4.86	0.22	130
20170522	12028	J01	untransfected	-1	0.74	0.96	-0.61	0.85	552.5
20170530	12039	C02	siPLK1	5347	0.08	0.1	-5.73	0.09	51.5
20170626	12010	F23	siPLK1	5347	0.16	0.19	-5.13	0.18	62
20170614	12057	K23	KIF11	3832	0.24	0.23	-4.72	0.24	120
20170530	12039	C23	KIF11	3832	0.16	0.16	-5.26	0.16	91.5
20170614	12057	L23	siPLK1	5347	0.15	0.11	-5.46	0.13	66.5
20170516	12025	N02	KIF11	3832	0.17	0.27	-4.86	0.22	146
20170529	12035	F23	siPLK1	5347	0.2	0.3	-4.65	0.25	134.5
20170522	12028	K23	KIF11	3832	0.21	0.36	-4.45	0.28	181.5
20170626	12010	H23	KIF11	3832	0.25	0.34	-4.32	0.3	107.5
20170614	12057	N02	KIF11	3832	0.17	0.18	-5.13	0.18	89.5
20170703	12016	F23	siPLK1	5347	0.08	0.11	-5.67	0.1	53.5
20170522	12028	L23	siPLK1	5347	0.21	0.29	-4.65	0.25	162.5
20170724	12019	C23	KIF11	3832	0.18	0.2	-5.06	0.19	102
20170614	12057	N23	LIPA	3988	1.13	0.71	-0.13	0.92	474
20170516	12025	P02	siPLK1	5347	0.08	0.11	-5.67	0.1	65
20170529	12035	H23	KIF11	3832	0.45	0.34	-3.64	0.4	215.5
20170522	12028	M24	mock	-1	0.67	0.91	-1.01	0.79	510
20170717	12048	K23	KIF11	3832	0.24	0.23	-4.72	0.24	130.5
20170530	12039	F23	siPLK1	5347	0.09	0.12	-5.67	0.1	58
20170614	12057	P01	untransfected	-1	0.75	1.02	-0.4	0.88	452
20170614	12057	P02	siPLK1	5347	0.09	0.14	-5.53	0.12	57
20170704	12043	C23	KIF11	3832	0.27	0.26	-4.59	0.26	131
20170529	12035	I24	mock	-1	0.75	1.1	-0.13	0.92	495.5
20170717	12048	L23	siPLK1	5347	0.14	0.08	-5.6	0.11	63
20170614	12055	C02	siPLK1	5347	0.12	0.13	-5.53	0.12	61
20170530	12039	H02	siPLK1	5347	0.09	0.14	-5.53	0.12	64.5
20170626	12010	K23	KIF11	3832	0.33	0.28	-4.25	0.31	112.5
20170614	12055	C23	KIF11	3832	0.2	0.24	-4.86	0.22	110
20170530	12039	H23	KIF11	3832	0.17	0.24	-4.99	0.2	114.5
20170530	12039	I02	KIF11	3832	0.22	0.19	-4.99	0.2	115
20170724	12019	F23	siPLK1	5347	0.13	0.1	-5.53	0.12	63.5
20170626	12010	L23	siPLK1	5347	0.2	0.19	-4.99	0.2	72
20170718	12007	K23	KIF11	3832	0.22	0.22	-4.86	0.22	110.5
20170522	12026	C02	siPLK1	5347	0.13	0.13	-5.46	0.13	79
20170529	12035	K23	KIF11	3832	0.23	0.33	-4.45	0.28	148.5
20170619	12001	C02	siPLK1	5347	0.15	0.11	-5.46	0.13	64.5
20170704	12043	F23	siPLK1	5347	0.14	0.18	-5.26	0.16	78.5
20170529	12035	L23	siPLK1	5347	0.18	0.36	-4.52	0.27	143.5
20170724	12019	H23	KIF11	3832	0.17	0.15	-5.26	0.16	86
20170619	12001	C23	KIF11	3832	0.23	0.19	-4.92	0.21	105.5
20170704	12043	G23	OTP	-1	0.92	0.57	-1.35	0.74	377
20170529	12035	M23	OTP	-1	0.66	0.94	-0.94	0.8	431
20170703	12016	L23	siPLK1	5347	0.1	0.09	-5.67	0.1	53
20170614	12055	F23	siPLK1	5347	0.11	0.12	-5.53	0.12	57.5
20170530	12039	K23	KIF11	3832	0.23	0.25	-4.72	0.24	132
20170724	12019	I23	OTP	-1	1	0.75	-0.4	0.88	471.5
20170704	12043	H23	KIF11	3832	0.28	0.33	-4.25	0.31	152
20170522	12029	C23	KIF11	3832	0.19	0.34	-4.59	0.26	157
20170710	12046	F23	siPLK1	5347	0.12	0.15	-5.4	0.14	86.5
20170530	12039	L23	siPLK1	5347	0.12	0.11	-5.53	0.12	65.5
20170522	12026	G02	OTP	-1	0.89	0.75	-0.81	0.82	498.5
20170529	12035	P02	siPLK1	5347	0.1	0.24	-5.19	0.17	87.5
20170614	12055	H23	KIF11	3832	0.23	0.17	-4.99	0.2	100
20170614	12055	I02	KIF11	3832	0.22	0.22	-4.86	0.22	107.5
20170530	12039	N02	KIF11	3832	0.16	0.17	-5.26	0.16	91.5
20170724	12019	K23	KIF11	3832	0.19	0.2	-4.99	0.2	101.5
20170522	12026	H02	siPLK1	5347	0.19	0.22	-4.99	0.2	123
20170704	12043	J24	mock	-1	0.74	1.06	-0.27	0.9	441.5
20170717	12049	C23	KIF11	3832	0.27	0.29	-4.45	0.28	139
20170710	12046	H23	KIF11	3832	0.21	0.21	-4.92	0.21	136.5
20170724	12019	L23	siPLK1	5347	0.1	0.12	-5.6	0.11	56
20170522	12026	I02	KIF11	3832	0.26	0.32	-4.38	0.29	177.5
20170619	12001	H02	siPLK1	5347	0.11	0.11	-5.6	0.11	53.5
20170704	12043	K23	KIF11	3832	0.24	0.29	-4.59	0.26	130
20170522	12029	F23	siPLK1	5347	0.22	0.48	-3.98	0.35	208.5
20170530	12039	O24	mock	-1	0.7	0.97	-0.67	0.84	465
20170530	12039	P02	siPLK1	5347	0.12	0.12	-5.53	0.12	67.5
20170626	12011	C23	KIF11	3832	0.23	0.28	-4.59	0.26	102.5
20170619	12001	I02	KIF11	3832	0.25	0.24	-4.72	0.24	122
20170704	12043	L23	siPLK1	5347	0.14	0.17	-5.26	0.16	78
20170614	12055	K23	KIF11	3832	0.23	0.21	-4.86	0.22	110.5
20170614	12055	K24	mock	-1	0.8	0.68	-1.35	0.74	366.5
20170718	12033	C23	KIF11	3832	0.2	0.26	-4.79	0.23	106.5
20170529	12036	C23	KIF11	3832	0.24	0.35	-4.32	0.3	159
20170522	12029	H23	KIF11	3832	0.18	0.34	-4.59	0.26	154
20170717	12049	F23	siPLK1	5347	0.13	0.16	-5.33	0.15	71
20170614	12055	L23	siPLK1	5347	0.13	0.13	-5.46	0.13	62.5
20170710	12046	K23	KIF11	3832	0.18	0.19	-5.13	0.18	120
20170522	12026	K23	KIF11	3832	0.27	0.29	-4.45	0.28	170.5
20170703	12017	C23	KIF11	3832	0.21	0.24	-4.86	0.22	121.5
20170614	12055	M24	mock	-1	0.74	0.98	-0.54	0.86	425.5
20170710	12046	L23	siPLK1	5347	0.1	0.15	-5.53	0.12	79.5
20170530	12040	B24	mock	-1	0.98	0.75	-0.54	0.86	470.5
20170530	12040	C02	siPLK1	5347	0.1	0.15	-5.53	0.12	65.5
20170626	12011	F23	siPLK1	5347	0.16	0.18	-5.19	0.17	66.5
20170619	12001	K23	KIF11	3832	0.25	0.3	-4.45	0.28	137
20170717	12049	H23	KIF11	3832	0.21	0.27	-4.72	0.24	120.5
20170718	12033	F23	siPLK1	5347	0.18	0.12	-5.33	0.15	70.5
20170522	12026	N02	KIF11	3832	0.28	0.29	-4.38	0.29	174.5
20170529	12036	F23	siPLK1	5347	0.27	0.44	-3.91	0.36	191
20170522	12029	K23	KIF11	3832	0.25	0.41	-4.11	0.33	194.5
20170614	12055	O23	mock	-1	0.81	0.73	-1.15	0.77	382
20170626	12011	H23	KIF11	3832	0.28	0.21	-4.72	0.24	98
20170619	12001	N02	KIF11	3832	0.24	0.3	-4.52	0.27	131.5
20170529	12036	H02	siPLK1	5347	0.32	0.48	-3.64	0.4	216.5
20170522	12029	L23	siPLK1	5347	0.29	0.33	-4.25	0.31	182
20170725	12041	C23	KIF11	3832	0.21	0.19	-4.99	0.2	106.5
20170718	12033	H23	KIF11	3832	0.26	0.32	-4.38	0.29	135.5
20170522	12026	P02	siPLK1	5347	0.11	0.14	-5.53	0.12	77
20170529	12036	H23	KIF11	3832	0.41	0.43	-3.51	0.42	230.5
20170522	12029	M24	mock	-1	0.75	0.9	-0.81	0.82	489
20170717	12049	K23	KIF11	3832	0.26	0.28	-4.52	0.27	134.5
20170530	12040	F23	siPLK1	5347	0.09	0.11	-5.67	0.1	53.5
20170619	12001	P02	siPLK1	5347	0.15	0.14	-5.33	0.15	73
20170710	12044	C23	KIF11	3832	0.23	0.18	-4.99	0.2	145
20170614	12056	C02	siPLK1	5347	0.14	0.1	-5.53	0.12	61.5
20170530	12040	H02	siPLK1	5347	0.11	0.16	-5.4	0.14	71.5
20170626	12011	K23	KIF11	3832	0.28	0.28	-4.45	0.28	111.5
20170522	12027	B01	untransfected	-1	1	0.74	-0.47	0.87	551
20170614	12056	C23	KIF11	3832	0.15	0.21	-5.13	0.18	92
20170530	12040	H23	KIF11	3832	0.19	0.18	-5.13	0.18	100.5
20170530	12040	I02	KIF11	3832	0.25	0.22	-4.72	0.24	126.5
20170626	12011	L23	siPLK1	5347	0.18	0.17	-5.13	0.18	68
20170718	12033	K23	KIF11	3832	0.34	0.32	-4.11	0.33	153
20170522	12027	C02	siPLK1	5347	0.11	0.13	-5.53	0.12	73.5
20170529	12036	K23	KIF11	3832	0.34	0.47	-3.64	0.4	218.5
20170710	12047	C23	KIF11	3832	0.19	0.21	-4.99	0.2	124.5
20170626	12011	M23	OTP	-1	0.94	0.73	-0.67	0.84	330.5
20170718	12033	L23	siPLK1	5347	0.19	0.19	-5.06	0.19	89.5
20170619	12002	C02	siPLK1	5347	0.11	0.19	-5.33	0.15	77.5
20170710	12044	F23	siPLK1	5347	0.11	0.12	-5.53	0.12	77.5
20170529	12036	L23	siPLK1	5347	0.26	0.47	-3.91	0.36	196.5
20170703	12017	K23	KIF11	3832	0.21	0.19	-4.99	0.2	107
20170717	12049	O23	mock	-1	0.72	0.79	-1.21	0.76	382.5
20170619	12002	C23	KIF11	3832	0.16	0.24	-4.99	0.2	104
20170703	12017	L23	siPLK1	5347	0.12	0.13	-5.53	0.12	67.5
20170614	12056	F23	siPLK1	5347	0.13	0.13	-5.46	0.13	67.5
20170530	12040	K23	KIF11	3832	0.24	0.27	-4.59	0.26	137
20170725	12041	I23	OTP	-1	0.62	0.71	-1.89	0.66	349
20170710	12044	H23	KIF11	3832	0.23	0.24	-4.72	0.24	164
20170710	12044	H24	mock	-1	0.85	0.67	-1.21	0.76	532
20170523	12030	C23	KIF11	3832	0.21	0.21	-4.92	0.21	122.5
20170710	12047	F23	siPLK1	5347	0.12	0.13	-5.53	0.12	75.5
20170530	12040	L23	siPLK1	5347	0.15	0.18	-5.26	0.16	87
20170614	12056	H23	KIF11	3832	0.2	0.24	-4.86	0.22	113
20170530	12040	N02	KIF11	3832	0.25	0.22	-4.72	0.24	127
20170725	12041	K23	KIF11	3832	0.2	0.16	-5.13	0.18	95
20170619	12002	F23	siPLK1	5347	0.18	0.16	-5.19	0.17	87.5
20170522	12027	H02	siPLK1	5347	0.14	0.2	-5.19	0.17	106.5
20170718	12003	C23	KIF11	3832	0.23	0.3	-4.59	0.26	133
20170710	12047	H23	KIF11	3832	0.25	0.22	-4.72	0.24	144.5
20170522	12027	I02	KIF11	3832	0.22	0.32	-4.52	0.27	172
20170619	12002	H02	siPLK1	5347	0.15	0.1	-5.53	0.12	65.5
20170523	12030	F23	siPLK1	5347	0.13	0.14	-5.4	0.14	80.5
20170530	12040	P02	siPLK1	5347	0.08	0.13	-5.6	0.11	54.5
20170725	12041	M23	OTP	-1	0.84	0.7	-1.15	0.77	409
20170627	12012	C23	KIF11	3832	0.31	0.31	-4.25	0.31	114.5
20170619	12002	H23	KIF11	3832	0.3	0.25	-4.45	0.28	144.5
20170619	12002	I02	KIF11	3832	0.22	0.22	-4.86	0.22	113.5
20170710	12044	L23	siPLK1	5347	0.11	0.11	-5.6	0.11	75.5
20170614	12056	K23	KIF11	3832	0.29	0.22	-4.59	0.26	133
20170530	12038	C23	KIF11	3832	0.14	0.15	-5.33	0.15	85
20170523	12030	H23	KIF11	3832	0.27	0.3	-4.38	0.29	166.5
20170614	12056	L23	siPLK1	5347	0.12	0.13	-5.53	0.12	62
20170725	12041	O24	mock	-1	0.97	0.68	-0.81	0.82	442.5
20170522	12027	L02	LIPA	3988	0.95	0.74	-0.67	0.84	535
20170710	12044	N24	mock	-1	0.91	0.72	-0.81	0.82	568
20170522	12027	L24	mock	-1	0.96	0.74	-0.61	0.85	541
20170710	12044	P02	siPLK1	5347	0.09	0.1	-5.67	0.1	68
20170626	12009	I24	mock	-1	1.17	0.72	0	0.94	317.5
20170626	12009	J01	untransfected	-1	0.58	1.01	-0.94	0.8	266.5
20170710	12047	N02	KIF11	3832	0.31	0.25	-4.45	0.28	174.5
20170704	12042	C02	siPLK1	5347	0.16	0.14	-5.33	0.15	78
20170522	12027	N02	KIF11	3832	0.22	0.19	-4.99	0.2	131
20170626	12009	J24	mock	-1	0.99	0.75	-0.47	0.87	292.5
20170724	12013	F23	siPLK1	5347	0.09	0.09	-5.73	0.09	55.5
20170619	12002	N02	KIF11	3832	0.25	0.26	-4.59	0.26	133
20170710	12047	P02	siPLK1	5347	0.09	0.12	-5.67	0.1	63.5
20170522	12027	P02	siPLK1	5347	0.07	0.11	-5.73	0.09	56.5
20170717	12006	N02	KIF11	3832	0.18	0.23	-4.99	0.2	88.5
20170710	12045	C02	siPLK1	5347	0.1	0.08	-5.73	0.09	56
20170703	12018	H02	siPLK1	5347	0.16	0.08	-5.53	0.12	61
20170724	12013	H23	KIF11	3832	0.19	0.19	-5.06	0.19	116
20170619	12002	P02	siPLK1	5347	0.12	0.21	-5.26	0.16	86.5
20170704	12020	H02	siPLK1	5347	0.11	0.09	-5.67	0.1	57.5
20170703	12018	I02	KIF11	3832	0.23	0.25	-4.72	0.24	123.5
20170703	12016	J24	mock	-1	1.08	0.72	-0.27	0.9	513
20170717	12006	P02	siPLK1	5347	0.13	0.14	-5.4	0.14	58.5
20170717	12004	C02	siPLK1	5347	0.17	0.15	-5.26	0.16	69
20170704	12042	H02	siPLK1	5347	0.23	0.13	-5.13	0.18	95
20170522	12028	C02	siPLK1	5347	0.09	0.19	-5.4	0.14	89
20170626	12009	P01	untransfected	-1	0.7	1	-0.61	0.85	284.5
20170717	12004	C23	KIF11	3832	0.29	0.25	-4.52	0.27	118.5
20170704	12042	I02	KIF11	3832	0.32	0.25	-4.38	0.29	149
20170718	12037	L23	siPLK1	5347	0.14	0.19	-5.26	0.16	83
20170619	12058	C02	siPLK1	5347	0.13	0.11	-5.53	0.12	62.5
20170724	12015	J24	mock	-1	0.92	0.61	-1.21	0.76	450.5
20170703	12016	M24	mock	-1	0.99	0.73	-0.54	0.86	490
20170717	12048	C02	siPLK1	5347	0.26	0.1	-5.13	0.18	102.5
20170703	12018	L23	siPLK1	5347	0.11	0.08	-5.67	0.1	50.5
20170710	12045	H02	siPLK1	5347	0.13	0.1	-5.53	0.12	69
20170710	12045	I02	KIF11	3832	0.17	0.2	-5.13	0.18	113
20170717	12004	G24	mock	-1	0.98	0.68	-0.74	0.83	363.5
20170704	12042	M02	OTP	-1	0.72	0.94	-0.74	0.83	427.5
20170522	12028	H02	siPLK1	5347	0.16	0.32	-4.72	0.24	153
20170717	12004	I02	KIF11	3832	0.23	0.25	-4.72	0.24	103
20170704	12042	N02	KIF11	3832	0.27	0.31	-4.38	0.29	150.5
20170522	12028	H24	mock	-1	0.96	0.75	-0.54	0.86	557.5
20170522	12028	I02	KIF11	3832	0.25	0.34	-4.32	0.3	188.5
20170619	12058	H02	siPLK1	5347	0.17	0.13	-5.33	0.15	74.5
20170710	12045	K23	KIF11	3832	0.2	0.21	-4.99	0.2	124.5
20170619	12058	I02	KIF11	3832	0.24	0.25	-4.72	0.24	121.5
20170717	12048	H02	siPLK1	5347	0.11	0.12	-5.53	0.12	62
20170717	12004	J24	mock	-1	0.82	0.67	-1.35	0.74	327
20170704	12042	P02	siPLK1	5347	0.15	0.17	-5.26	0.16	82.5
20170522	12028	J24	mock	-1	0.95	0.71	-0.74	0.83	539.5
20170717	12048	I02	KIF11	3832	0.23	0.26	-4.72	0.24	134.5
20170704	12020	C02	siPLK1	5347	0.15	0.14	-5.33	0.15	83
20170718	12007	F23	siPLK1	5347	0.15	0.16	-5.26	0.16	76.5
20170717	12004	K23	KIF11	3832	0.29	0.18	-4.72	0.24	104
20170718	12007	H23	KIF11	3832	0.24	0.23	-4.72	0.24	120
20170626	12010	J01	untransfected	-1	1.11	0.56	-0.67	0.84	311
20170704	12043	C02	siPLK1	5347	0.28	0.25	-4.59	0.26	130
20170626	12008	L02	LIPA	3988	1.2	0.72	0.13	0.96	365.5
20170522	12028	N02	KIF11	3832	0.24	0.26	-4.65	0.25	161
20170710	12045	P24	mock	-1	0.71	0.98	-0.67	0.84	508
20170724	12014	F24	mock	-1	0.67	0.87	-1.15	0.77	452.5
20170703	12016	H23	KIF11	3832	0.23	0.2	-4.86	0.22	121.5
20170619	12058	N02	KIF11	3832	0.31	0.28	-4.32	0.3	149
20170704	12020	F23	siPLK1	5347	0.09	0.12	-5.67	0.1	62
20170614	12057	P24	mock	-1	0.78	0.69	-1.35	0.74	376
20170717	12004	P02	siPLK1	5347	0.15	0.17	-5.26	0.16	68
20170626	12008	N02	KIF11	3832	0.33	0.27	-4.32	0.3	113
20170522	12028	P02	siPLK1	5347	0.09	0.16	-5.53	0.12	81
20170717	12048	N02	KIF11	3832	0.21	0.19	-4.99	0.2	110.5
20170619	12058	P02	siPLK1	5347	0.17	0.1	-5.4	0.14	68.5
20170710	12046	C23	KIF11	3832	0.19	0.27	-4.79	0.23	145.5
20170704	12020	H23	KIF11	3832	0.21	0.13	-5.19	0.17	100
20170704	12020	I02	KIF11	3832	0.23	0.25	-4.72	0.24	140
20170718	12007	L23	siPLK1	5347	0.11	0.18	-5.4	0.14	72
20170703	12016	K23	KIF11	3832	0.2	0.24	-4.86	0.22	126.5
20170717	12048	P02	siPLK1	5347	0.14	0.09	-5.53	0.12	65
20170704	12020	I24	mock	-1	0.77	0.69	-1.42	0.73	421.5
20170717	12005	C02	siPLK1	5347	0.56	0.22	-3.71	0.39	245
20170704	12043	H02	siPLK1	5347	0.23	0.27	-4.65	0.25	124.5
20170724	12013	K24	mock	-1	0.74	1.02	-0.4	0.88	525.5
20170522	12029	C02	siPLK1	5347	0.13	0.34	-4.72	0.24	138
20170710	12046	E24	mock	-1	0.72	0.91	-0.81	0.82	524.5
20170704	12043	I02	KIF11	3832	0.34	0.33	-4.05	0.34	167.5
20170626	12008	C02	siPLK1	5347	0.21	0.23	-4.86	0.22	80.5
20170626	12008	D01	untransfected	-1	0.75	1.06	-0.27	0.9	328.5
20170530	12039	M23	OTP	-1	0.65	0.72	-1.75	0.68	382.5
20170704	12020	M02	OTP	-1	0.74	1.13	0	0.94	529.5
20170619	12001	F23	siPLK1	5347	0.13	0.13	-5.46	0.13	65
20170704	12020	N02	KIF11	3832	0.2	0.22	-4.92	0.21	119.5
20170626	12008	F02	OTP	-1	1.09	0.66	-0.4	0.88	332.5
20170724	12019	M24	mock	-1	0.75	0.9	-0.81	0.82	433
20170619	12001	H23	KIF11	3832	0.25	0.13	-5.06	0.19	94
20170717	12005	H02	siPLK1	5347	0.16	0.15	-5.26	0.16	94.5
20170522	12029	H02	siPLK1	5347	0.3	0.45	-3.78	0.38	222.5
20170704	12020	P02	siPLK1	5347	0.13	0.11	-5.53	0.12	71.5
20170626	12011	E01	untransfected	-1	0.69	0.94	-0.81	0.82	326.5
20170717	12005	I02	KIF11	3832	0.2	0.27	-4.72	0.24	140.5
20170522	12029	I02	KIF11	3832	0.31	0.42	-3.91	0.36	213.5
20170626	12008	H02	siPLK1	5347	0.2	0.19	-4.99	0.2	72
20170626	12009	H02	siPLK1	5347	0.24	0.2	-4.86	0.22	73
20170626	12008	I01	untransfected	-1	0.87	0.72	-0.94	0.8	297.5
20170626	12008	I02	KIF11	3832	0.24	0.32	-4.45	0.28	102
20170717	12049	H02	siPLK1	5347	0.12	0.14	-5.46	0.13	67.5
20170626	12011	G01	untransfected	-1	0.74	0.88	-0.88	0.81	322.5
20170530	12040	C23	KIF11	3832	0.24	0.17	-4.99	0.2	111
20170704	12021	C02	siPLK1	5347	0.14	0.17	-5.26	0.16	78
20170619	12001	L23	siPLK1	5347	0.13	0.1	-5.53	0.12	57.5
20170710	12044	O23	mock	-1	0.87	0.72	-0.94	0.8	554.5
20170718	12003	H23	KIF11	3832	0.23	0.23	-4.79	0.23	117
20170725	12053	P24	mock	-1	1.09	0.75	-0.13	0.92	453.5
20170703	12017	F23	siPLK1	5347	0.11	0.14	-5.53	0.12	66
20170717	12005	N02	KIF11	3832	0.2	0.26	-4.79	0.23	137.5
20170710	12044	C02	siPLK1	5347	0.11	0.11	-5.6	0.11	77.5
20170522	12029	N02	KIF11	3832	0.25	0.5	-3.78	0.38	221
20170724	12015	F24	mock	-1	0.75	1.1	-0.13	0.92	527
20170703	12017	H23	KIF11	3832	0.25	0.16	-4.99	0.2	112
20170717	12005	P02	siPLK1	5347	0.11	0.16	-5.4	0.14	81
20170626	12010	M02	OTP	-1	0.93	0.64	-1.08	0.78	288
20170626	12009	N02	KIF11	3832	0.25	0.33	-4.38	0.29	97.5
20170522	12029	P02	siPLK1	5347	0.07	0.12	-5.67	0.1	58
20170717	12049	N02	KIF11	3832	0.17	0.21	-5.06	0.19	94
20170704	12021	H02	siPLK1	5347	0.12	0.12	-5.53	0.12	62.5
20170626	12011	M01	untransfected	-1	0.75	0.95	-0.61	0.85	339.5
20170724	12015	H23	KIF11	3832	0.16	0.19	-5.13	0.18	98.5
20170626	12008	P02	siPLK1	5347	0.18	0.23	-4.99	0.2	74
20170704	12021	I02	KIF11	3832	0.3	0.3	-4.32	0.3	151.5
20170626	12011	N01	untransfected	-1	0.72	0.74	-1.42	0.73	290.5
20170626	12011	N02	KIF11	3832	0.28	0.29	-4.38	0.29	114
20170626	12009	P02	siPLK1	5347	0.19	0.18	-5.13	0.18	62.5
20170717	12049	P02	siPLK1	5347	0.08	0.14	-5.6	0.11	56
20170717	12006	C02	siPLK1	5347	0.18	0.16	-5.19	0.17	75
20170710	12044	H02	siPLK1	5347	0.09	0.12	-5.67	0.1	73
20170523	12030	C02	siPLK1	5347	0.1	0.21	-5.26	0.16	88.5
20170626	12011	P01	untransfected	-1	0.82	0.71	-1.21	0.76	303.5
20170626	12011	P02	siPLK1	5347	0.19	0.15	-5.19	0.17	68.5
20170710	12044	I02	KIF11	3832	0.24	0.2	-4.86	0.22	153.5
20170724	12015	L01	untransfected	-1	0.9	0.72	-0.88	0.81	473.5
20170626	12009	C02	siPLK1	5347	0.2	0.18	-5.06	0.19	63.5
20170703	12018	N02	KIF11	3832	0.23	0.22	-4.86	0.22	114
20170724	12015	L23	siPLK1	5347	0.11	0.1	-5.6	0.11	60.5
20170704	12042	K23	KIF11	3832	0.22	0.27	-4.72	0.24	128
20170718	12003	C02	siPLK1	5347	0.43	0.18	-4.32	0.3	154.5
20170724	12015	M24	mock	-1	0.81	0.74	-1.08	0.78	452
20170704	12021	N02	KIF11	3832	0.26	0.22	-4.72	0.24	124.5
20170703	12018	P02	siPLK1	5347	0.16	0.16	-5.26	0.16	80
20170717	12048	F23	siPLK1	5347	0.14	0.12	-5.46	0.13	73
20170717	12006	H02	siPLK1	5347	0.11	0.12	-5.53	0.12	49
20170523	12030	H02	siPLK1	5347	0.14	0.22	-5.13	0.18	104
20170704	12043	N02	KIF11	3832	0.23	0.34	-4.38	0.29	140
20170710	12047	J24	mock	-1	0.74	0.71	-1.48	0.72	451.5
20170704	12021	P02	siPLK1	5347	0.11	0.11	-5.6	0.11	55.5
20170718	12037	C23	KIF11	3832	0.25	0.2	-4.86	0.22	114.5
20170717	12006	I02	KIF11	3832	0.22	0.25	-4.72	0.24	101.5
20170710	12044	N02	KIF11	3832	0.21	0.16	-5.13	0.18	132
20170523	12030	I02	KIF11	3832	0.22	0.26	-4.72	0.24	139
20170710	12047	K23	KIF11	3832	0.21	0.25	-4.79	0.23	143
20170717	12048	H23	KIF11	3832	0.28	0.26	-4.52	0.27	149.5
20170704	12043	P02	siPLK1	5347	0.13	0.2	-5.26	0.16	80
20170626	12009	I02	KIF11	3832	0.37	0.33	-3.98	0.35	117
20170718	12003	H02	siPLK1	5347	0.14	0.14	-5.4	0.14	69.5
20170619	12002	L01	untransfected	-1	0.72	1.06	-0.34	0.89	462
20170626	12011	H02	siPLK1	5347	0.19	0.16	-5.13	0.18	68.5
20170718	12007	H02	siPLK1	5347	0.15	0.15	-5.33	0.15	75
20170718	12003	I02	KIF11	3832	0.21	0.29	-4.65	0.25	126
20170627	12012	H02	siPLK1	5347	0.15	0.25	-4.99	0.2	73.5
20170710	12045	P02	siPLK1	5347	0.1	0.13	-5.53	0.12	69.5
20170718	12007	I02	KIF11	3832	0.21	0.23	-4.86	0.22	113
20170626	12009	K02	mock	-1	0.65	1.09	-0.47	0.87	293
20170718	12003	P02	siPLK1	5347	0.15	0.17	-5.26	0.16	81
20170718	12003	K02	mock	-1	0.64	1.14	-0.34	0.89	442.5
20170703	12017	H02	siPLK1	5347	0.11	0.1	-5.6	0.11	56
20170717	12006	M24	mock	-1	0.54	0.91	-1.42	0.73	311
20170724	12015	F23	siPLK1	5347	0.08	0.11	-5.67	0.1	55
20170717	12049	L23	siPLK1	5347	0.09	0.12	-5.67	0.1	50.5
20170627	12012	K01	untransfected	-1	0.66	1.35	0.47	1.01	360
20170710	12046	C02	siPLK1	5347	0.09	0.17	-5.46	0.13	80.5
20170703	12017	J02	OTP	-1	0.99	0.75	-0.47	0.87	472
20170725	12041	F23	siPLK1	5347	0.09	0.1	-5.67	0.1	50.5
20170626	12010	N02	KIF11	3832	0.23	0.42	-4.18	0.32	117.5
20170703	12016	K24	mock	-1	0.73	0.7	-1.48	0.72	405.5
20170718	12003	N24	mock	-1	0.8	0.72	-1.21	0.76	381.5
20170725	12041	H23	KIF11	3832	0.19	0.22	-4.99	0.2	107.5
20170718	12033	N02	KIF11	3832	0.19	0.27	-4.79	0.23	106.5
20170626	12010	P02	siPLK1	5347	0.23	0.19	-4.92	0.21	77.5
20170703	12016	N01	untransfected	-1	1.22	0.73	0.27	0.98	554
20170627	12012	O24	mock	-1	1	0.74	-0.47	0.87	329
20170710	12046	H02	siPLK1	5347	0.1	0.11	-5.6	0.11	66
20170710	12045	H23	KIF11	3832	0.18	0.28	-4.79	0.23	137.5
20170718	12003	B24	mock	-1	0.37	1.16	-1.21	0.76	379
20170626	12011	C02	siPLK1	5347	0.19	0.16	-5.13	0.18	70.5
20170718	12007	C02	siPLK1	5347	0.37	0.17	-4.52	0.27	139
20170717	12004	H02	siPLK1	5347	0.12	0.14	-5.46	0.13	55
20170725	12053	K23	KIF11	3832	0.17	0.2	-5.13	0.18	90
20170725	12041	L23	siPLK1	5347	0.11	0.09	-5.67	0.1	53
20170626	12011	D02	OTP	-1	0.96	0.6	-1.08	0.78	307
20170718	12033	C02	siPLK1	5347	0.47	0.27	-3.84	0.37	177
20170718	12007	C23	KIF11	3832	0.23	0.24	-4.72	0.24	118
20170703	12016	C02	siPLK1	5347	0.13	0.11	-5.53	0.12	68
20170718	12033	I02	KIF11	3832	0.3	0.21	-4.59	0.26	120.5
20170710	12045	L23	siPLK1	5347	0.11	0.09	-5.67	0.1	61
20170718	12037	I02	KIF11	3832	0.25	0.21	-4.79	0.23	120
20170718	12007	J24	mock	-1	0.75	1.03	-0.34	0.89	449
20170718	12003	F23	siPLK1	5347	0.15	0.13	-5.4	0.14	68
20170717	12048	H24	mock	-1	1.02	0.71	-0.54	0.86	484
20170725	12041	P01	untransfected	-1	0.75	1.14	0	0.94	492
20170710	12045	N02	KIF11	3832	0.17	0.2	-5.13	0.18	110.5
20170626	12010	H02	siPLK1	5347	0.15	0.27	-4.92	0.21	76.5
20170710	12046	N02	KIF11	3832	0.22	0.2	-4.92	0.21	135
20170710	12045	N23	LIPA	3988	1	0.74	-0.47	0.87	528
20170718	12037	F02	OTP	-1	0.92	0.74	-0.74	0.83	427
20170626	12011	H01	untransfected	-1	0.71	0.8	-1.21	0.76	302.5
20170626	12010	I02	KIF11	3832	0.29	0.26	-4.45	0.28	99.5
20170626	12011	I02	KIF11	3832	0.32	0.28	-4.32	0.3	118.5
20170718	12033	H02	siPLK1	5347	0.21	0.11	-5.26	0.16	76
20170725	12041	C02	siPLK1	5347	0.1	0.1	-5.67	0.1	51.5
20170626	12010	J02	OTP	-1	1.15	0.74	0	0.94	350
20170724	12019	I02	KIF11	3832	0.12	0.17	-5.33	0.15	75
20170717	12004	N02	KIF11	3832	0.23	0.22	-4.86	0.22	98
20170710	12046	P02	siPLK1	5347	0.09	0.12	-5.67	0.1	66.5
20170718	12037	H02	siPLK1	5347	0.19	0.15	-5.19	0.17	87
20170626	12011	J01	untransfected	-1	0.67	0.77	-1.48	0.72	287.5
20170725	12041	I01	untransfected	-1	0.89	0.69	-1.01	0.79	421.5
20170703	12016	I02	KIF11	3832	0.22	0.22	-4.86	0.22	125.5
20170724	12013	H02	siPLK1	5347	0.08	0.08	-5.8	0.08	49.5
20170718	12007	P02	siPLK1	5347	0.14	0.12	-5.46	0.13	65.5
20170703	12017	I02	KIF11	3832	0.18	0.22	-4.99	0.2	106
20170619	12058	N24	mock	-1	1.16	0.74	0.07	0.95	481
20170718	12033	P02	siPLK1	5347	0.14	0.17	-5.26	0.16	73
20170724	12019	L01	untransfected	-1	0.73	1.01	-0.47	0.87	451
20170626	12010	C02	siPLK1	5347	0.16	0.16	-5.26	0.16	59
20170724	12014	N02	KIF11	3832	0.17	0.15	-5.26	0.16	93
20170724	12014	I02	KIF11	3832	0.15	0.17	-5.26	0.16	95.5
20170710	12044	E23	mock	-1	1.02	0.74	-0.4	0.88	617
20170724	12019	H02	siPLK1	5347	0.08	0.13	-5.6	0.11	52
20170724	12019	C02	siPLK1	5347	0.06	0.16	-5.6	0.11	56.5
20170718	12003	N02	KIF11	3832	0.21	0.25	-4.79	0.23	117
20170717	12049	N24	mock	-1	0.67	0.89	-1.08	0.78	389
20170725	12041	H02	siPLK1	5347	0.1	0.08	-5.73	0.09	48
20170710	12044	K23	KIF11	3832	0.21	0.18	-4.99	0.2	138.5
20170724	12019	N02	KIF11	3832	0.15	0.18	-5.26	0.16	86.5
20170718	12007	N02	KIF11	3832	0.23	0.25	-4.72	0.24	123
20170718	12037	N02	KIF11	3832	0.23	0.21	-4.86	0.22	114
20170724	12014	P02	siPLK1	5347	0.06	0.09	-5.8	0.08	44
20170725	12053	H01	untransfected	-1	0.75	0.91	-0.74	0.83	408
20170627	12012	N02	KIF11	3832	0.31	0.25	-4.45	0.28	105
20170725	12053	H02	siPLK1	5347	0.1	0.1	-5.67	0.1	50
20170725	12041	I02	KIF11	3832	0.19	0.19	-5.06	0.19	101.5
20170724	12015	P02	siPLK1	5347	0.1	0.08	-5.73	0.09	52.5
20170703	12017	C02	siPLK1	5347	0.13	0.15	-5.4	0.14	76
20170724	12019	P02	siPLK1	5347	0.07	0.1	-5.8	0.08	46
20170703	12018	C02	siPLK1	5347	0.18	0.14	-5.26	0.16	83.5
20170717	12049	C02	siPLK1	5347	0.32	0.15	-4.72	0.24	125
20170627	12012	P02	siPLK1	5347	0.14	0.17	-5.26	0.16	56.5
20170710	12047	H02	siPLK1	5347	0.19	0.15	-5.19	0.17	106.5
20170710	12046	I02	KIF11	3832	0.25	0.21	-4.79	0.23	150
20170718	12037	P02	siPLK1	5347	0.13	0.18	-5.26	0.16	78.5
20170724	12019	M02	OTP	-1	0.71	0.87	-1.01	0.79	414.5
20170724	12015	N02	KIF11	3832	0.21	0.2	-4.99	0.2	117.5
20170724	12015	I02	KIF11	3832	0.19	0.18	-5.13	0.18	106
20170724	12013	P02	siPLK1	5347	0.07	0.08	-5.8	0.08	43.5
20170724	12015	C02	siPLK1	5347	0.08	0.04	-5.94	0.06	36.5
20170724	12015	E02	LIPA	3988	0.43	1.14	-1.08	0.78	434
20170703	12017	N02	KIF11	3832	0.14	0.19	-5.26	0.16	88
20170627	12012	I02	KIF11	3832	0.27	0.3	-4.38	0.29	106
20170718	12037	C02	siPLK1	5347	0.51	0.21	-3.91	0.36	187
20170725	12041	N02	KIF11	3832	0.22	0.18	-4.99	0.2	107.5
20170724	12013	N02	KIF11	3832	0.22	0.18	-4.99	0.2	121.5
20170725	12041	P02	siPLK1	5347	0.14	0.1	-5.53	0.12	66
20170725	12041	O01	untransfected	-1	0.73	0.91	-0.81	0.82	428.5
20170703	12016	N02	KIF11	3832	0.26	0.2	-4.79	0.23	129.5
20170724	12015	H02	siPLK1	5347	0.1	0.12	-5.6	0.11	61.5
20170725	12053	I02	KIF11	3832	0.17	0.2	-5.13	0.18	90
20170717	12049	I02	KIF11	3832	0.17	0.24	-4.99	0.2	101.5
20170724	12013	I02	KIF11	3832	0.14	0.17	-5.26	0.16	90.5
20170710	12047	C02	siPLK1	5347	0.18	0.22	-4.99	0.2	123.5
20170627	12012	C02	siPLK1	5347	0.21	0.28	-4.72	0.24	89
20170724	12013	C02	siPLK1	5347	0.07	0.08	-5.8	0.08	44
20170725	12053	C02	siPLK1	5347	0.09	0.11	-5.67	0.1	50.5
20170703	12016	P02	siPLK1	5347	0.12	0.1	-5.6	0.11	63.5
20170718	12003	M24	mock	-1	1.18	0.71	0	0.94	478
20170725	12053	J01	untransfected	-1	0.89	0.71	-0.94	0.8	395
20170703	12017	P02	siPLK1	5347	0.12	0.16	-5.4	0.14	74.5
20170710	12047	I02	KIF11	3832	0.19	0.22	-4.99	0.2	128
20170703	12016	H02	siPLK1	5347	0.14	0.08	-5.6	0.11	61
20170725	12053	N02	KIF11	3832	0.16	0.17	-5.26	0.16	80.5
20170725	12053	P02	siPLK1	5347	0.1	0.09	-5.67	0.1	47
20170724	12014	H02	siPLK1	5347	0.07	0.08	-5.8	0.08	45.5
20170724	12014	C02	siPLK1	5347	0.08	0.09	-5.8	0.08	52.5
